1.910507890847433776e+00
3.220865473167527693e+00
2.885026094875979830e+00
2.742986605808809042e+00
1.032056118810893430e+00
1.117608506246017042e+00
1.638814090730954076e+00
1.012633908305665242e+00
1.521372881237894159e+00
1.080704591753865351e+00
1.198998250189857728e+00
1.455749395548299630e+00
1.670405242010030378e+00
1.796851532089705827e+00
1.242226485110499601e+00
1.141881458708966068e+00
1.253908857347291850e+00
1.256351313817454463e+00
1.270982053255095501e+00
1.154710832053560621e+00
1.398060814854947598e+00
1.410574240855565487e+00
1.687296885218630527e+00
1.684320754023426847e+00
1.210765834161442234e+00
1.914598943366686123e+00
1.598342163294077078e+00
1.887913233556534953e+00
1.610877101538142231e+00
1.331925460076422096e+00
1.052729881197274731e+00
1.607914306501253332e+00
1.208979117436400852e+00
1.424045492357921772e+00
1.215618871993128014e+00
1.169527930231929469e+00
1.211422495428023494e+00
1.300159367946922551e+00
1.307750372890819968e+00
1.437566638813640774e+00
3.841493159128453350e+00
2.706299007871665996e+00
4.110088319816587621e+00
1.298471168190037606e+00
1.692050732260199863e+00
1.055021128193985414e+00
1.035736876983587518e+00
1.034620879964967433e+00
1.263565297077145821e+00
1.104516522853405514e+00
1.424909703177275277e+00
1.066676376814650773e+00
1.704437172898581876e+00
1.544926446961728761e+00
1.567468202271857347e+00
1.671771019053638119e+00
1.086516276284026583e+00
3.085320868208416201e+01
1.358007314269308319e+00
8.231981566620765989e+01
5.847869283638891247e+00
2.158601958335101934e+00
2.687704692173706000e+00
2.552517938557303356e+00
1.018449338252013670e+00
2.420300406297767992e+00
2.384977358293758787e+00
1.335928602756767614e+00
1.377538358654006201e+00
