1799.7093200683594
44976.35245323181
199.76091384887695
33.544063568115234
38.81549835205078
29381.67142868042
62.17670440673828
61.89441680908203
34.917593002319336
24.137258529663086
43.31707954406738
728.3916473388672
5717.880010604858
59.27157402038574
94.61069107055664
79.62274551391602
52.78420448303223
59.853553771972656
57.89375305175781
28.0301570892334
158.98919105529785
104.13193702697754
124.9542236328125
22.20439910888672
120.52488327026367
25.29287338256836
42.643070220947266
118.37959289550781
40.220022201538086
654.8442840576172
156.41212463378906
69.97466087341309
17258.357524871826
71.28071784973145
47.963857650756836
27.17113494873047
158932.5337409973
325.67358016967773
93.77908706665039
274.3186950683594
58.31122398376465
44011.34634017944
356.3084602355957
88.34528923034668
32.64260292053223
26.21769905090332
58.106184005737305
57.543039321899414
21.129131317138672
12300.347805023193
813.0228519439697
64.57638740539551
7199.714422225952
1066.687822341919
3465.944528579712
27922.53851890564
282.71985054016113
20.25580406188965
1053.102731704712
33.701419830322266
3219.8092937469482
39.00766372680664
289.0281677246094
111.85288429260254
2871.9091415405273
281.1262607574463
28.343677520751953
1638.4150981903076
65.16242027282715
634.7427368164062
171.61846160888672
26.398420333862305
95.45516967773438
319.23913955688477
146.88777923583984
1627.469778060913
131.01720809936523
277.37951278686523
34.62862968444824
564.8128986358643
78607.53893852234
54.10456657409668
31.922101974487305
21.974802017211914
1185.3642463684082
104.15148735046387
4527.442932128906
39.69717025756836
73.80819320678711
7183.789253234863
33.815860748291016
2111.9606494903564
53562.9825592041
31118.102073669434
49.793243408203125
38510.51378250122
107.11216926574707
6523.200273513794
1611.0262870788574
23.93651008605957
20505.42974472046
111.22703552246094
283.16688537597656
538.332462310791
133.0270767211914
33.59723091125488
132.40408897399902
106.29963874816895
1852.8106212615967
61340.90614318848
46.9970703125
176.15485191345215
28.846025466918945
259.3655586242676
228.17707061767578
75.28209686279297
35.74538230895996
10502.081871032715
21135.04648208618
79.93125915527344
47.75667190551758
94.26617622375488
64.18299674987793
1083.8782787322998
71.91991806030273
110.2290153503418
37.737131118774414
38.657426834106445
331.7999839782715
31.937360763549805
276.4756679534912
915.3854846954346
166.18680953979492
74.92327690124512
65.83738327026367
143.07165145874023
5228.028774261475
98.36888313293457
52.18005180358887
26.375770568847656
159.3799591064453
383.5794925689697
251.20997428894043
74.13792610168457
481.90951347351074
215.91734886169434
52.474021911621094
491678.41506004333
1552.8078079223633
59.43584442138672
65.93751907348633
50.49705505371094
1457.5276374816895
83.55093002319336
32.31501579284668
68.09544563293457
124.82285499572754
566597.9807376862
52.536725997924805
1011.5134716033936
20.46680450439453
143.27478408813477
224.11155700683594
60.715436935424805
244.2641258239746
802.7899265289307
115863.62862586975
413.3720397949219
314.4524097442627
155.06291389465332
33.644676208496094
104394.28567886353
105.1640510559082
147.3238468170166
65.29760360717773
130196.34366035461
77798.70963096619
102.47039794921875
139.13202285766602
37.64796257019043
134.0625286102295
33.35928916931152
471.0042476654053
103.54113578796387
67.61717796325684
409.1525077819824
28.249263763427734
73.06599617004395
273.6680507659912
395.0357437133789
64.95141983032227
9121.132373809814
47.75691032409668
1565.7377243041992
4388.676404953003
33.11276435852051
55861.22155189514
136.3987922668457
12280.935764312744
53.94887924194336
20.533084869384766
422.029972076416
23.913145065307617
10660.672187805176
22.325754165649414
434.5247745513916
1740.1981353759766
22.420167922973633
675525.0585079193
75.40059089660645
34.37376022338867
48128.90815734863
87.20779418945312
319.00763511657715
11414.746761322021
560.0836277008057
52.193641662597656
47.0738410949707
151.06940269470215
250.01859664916992
34.18755531311035
80441.27345085144
5299.43323135376
323.228120803833
147.9957103729248
64.91231918334961
28.911352157592773
46.61822319030762
386.8899345397949
36.16833686828613
39.826393127441406
101.45950317382812
64.67413902282715
148.15163612365723
55.88674545288086
42.59991645812988
53.74026298522949
73.01163673400879
4458.741188049316
60.52064895629883
46.449899673461914
94.59543228149414
24.45697784423828
22.647619247436523
77.47364044189453
48.711299896240234
352.21147537231445
71.29764556884766
219.7856903076172
72.75843620300293
250.19264221191406
97.30958938598633
2515.3756141662598
29.97565269470215
8521.696329116821
241.1336898803711
76.08771324157715
29.146909713745117
35462.41641044617
346186.69748306274
97.15771675109863
79.88381385803223
17.194747924804688
47310.24479866028
104.30908203125
72.4029541015625
23.32615852355957
1061.2483024597168
110705.7237625122
630582.8568935394
584.2456817626953
23.54907989501953
64.07761573791504
112301.35154724121
35.7666015625
38.65623474121094
24.892807006835938
10.517120361328125
38.175106048583984
49.38554763793945
72.16382026672363
24.018049240112305
64.85939025878906
66481.05502128601
433566.8430328369
1707.2889804840088
35.941123962402344
125.23102760314941
15614.362955093384
10254.441738128662
163.02013397216797
53.14970016479492
23.87070655822754
144.12403106689453
183.14647674560547
43.673038482666016
117.98405647277832
56.67686462402344
75.71768760681152
25.978565216064453
218.8396453857422
42.60540008544922
304.2185306549072
68.14885139465332
19418.87617111206
31.296730041503906
62.918663024902344
31973.017692565918
44.79670524597168
173.27380180358887
891.3543224334717
92.46230125427246
52.48403549194336
34.090280532836914
208.95719528198242
619.7314262390137
78.62734794616699
4955.72566986084
731.2350273132324
30.971288681030273
64.0406608581543
77.3158073425293
447.7343559265137
222.26238250732422
35.38346290588379
116.0120964050293
51.857709884643555
96.36187553405762
76.9808292388916
61.50197982788086
1343.0263996124268
397.796630859375
15303.330898284912
52.08158493041992
30.1513671875
4289.209604263306
289.11828994750977
28.209924697875977
102.12087631225586
2549.323081970215
475.2788543701172
480.86047172546387
26.578187942504883
107.75065422058105
259.4172954559326
32.340049743652344
28.71561050415039
96.04096412658691
2207.526922225952
188.3988380432129
397.0820903778076
76900.64358711243
189.78404998779297
138.81587982177734
39.77060317993164
35.03274917602539
30.90500831604004
26.50284767150879
33.112525939941406
287.4341011047363
29.465198516845703
47.11580276489258
371326.0910511017
137.7730369567871
99.8392105102539
51.98860168457031
111.61303520202637
22939.17417526245
659.9447727203369
111.81426048278809
27.788162231445312
44.53325271606445
35.31599044799805
69.16642189025879
957.6816558837891
36.321163177490234
58.41946601867676
43.76101493835449
55.968523025512695
80.11817932128906
20.432710647583008
688.5855197906494
53.73954772949219
40.49348831176758
592.3988819122314
31.928300857543945
101.48072242736816
158.19191932678223
77.67891883850098
17056.660652160645
58.928728103637695
32.540082931518555
38.849830627441406
283.83851051330566
225.84223747253418
95.31259536743164
19.27471160888672
495.01824378967285
177.89387702941895
5859.696865081787
52.361249923706055
138.34285736083984
83.62388610839844
2141.003370285034
91822.05724716187
28.591156005859375
37.053585052490234
718622.9908466339
447711.25984191895
138.00048828125
6932.897090911865
294.3274974822998
42.70291328430176
94.6664810180664
42.443275451660156
22.433042526245117
21.925926208496094
32.843589782714844
98.48785400390625
320.2996253967285
6433.9399337768555
23.68617057800293
1796.881914138794
37360.49222946167
1260.8890533447266
28.777122497558594
1799.1206645965576
38.22016716003418
52.855491638183594
95.25656700134277
828.6442756652832
253.10778617858887
148.99349212646484
40.35305976867676
48.31385612487793
42.91105270385742
135.01977920532227
22.17721939086914
25.17223358154297
61.39540672302246
4957.620143890381
16788.2182598114
114.66741561889648
153273.41842651367
3691.4095878601074
38.14983367919922
100.55255889892578
408989.501953125
195.8329677581787
49.90863800048828
21596.51207923889
37.325143814086914
525.4733562469482
52.11782455444336
2600.9562015533447
1137.5744342803955
5014.189720153809
881.4635276794434
555.5984973907471
18540.915966033936
1547.7685928344727
89.59722518920898
480.2682399749756
225.6932258605957
197.7391242980957
36.15069389343262
34.310102462768555
183.7911605834961
420.47691345214844
59.37337875366211
52.68454551696777
71.044921875
303.6823272705078
71.76661491394043
73.07887077331543
3278.3424854278564
78882.28678703308
564.7575855255127
56.87832832336426
38060.37497520447
25.22873878479004
97.198486328125
113.07716369628906
140.57517051696777
2669.156074523926
132.6124668121338
50.43148994445801
28704.126358032227
43.89834403991699
26.539325714111328
23.604154586791992
51.021575927734375
581.0408592224121
31.257152557373047
49.49808120727539
81.3760757446289
258.4841251373291
20396.772146224976
2364.556074142456
590.1494026184082
23.908615112304688
107.99431800842285
66.73669815063477
63.20381164550781
85.28518676757812
48.40993881225586
77.4374008178711
99.26247596740723
317.1083927154541
82818.80569458008
28.830289840698242
12001.080989837646
120.53799629211426
46.44775390625
75279.44302558899
30.318260192871094
26046.722888946533
208.22930335998535
36.444902420043945
459.791898727417
46.180009841918945
30.689716339111328
34.47723388671875
27.40764617919922
38.0854606628418
54.009437561035156
54.81147766113281
178.6336898803711
69.5340633392334
63.45367431640625
324.8128890991211
302.92415618896484
97.43428230285645
510.0395679473877
68470.28088569641
18387.973308563232
31.148433685302734
102.42533683776855
93.08266639709473
34.5456600189209
57.352542877197266
33.30564498901367
57.30867385864258
202.70061492919922
60.7304573059082
29.260635375976562
38.600921630859375
40.97437858581543
84.90657806396484
121.76370620727539
158.23674201965332
171.51284217834473
29.201269149780273
2100.4834175109863
31.352519989013672
398.45895767211914
6962.010622024536
2137.500047683716
25.255918502807617
69720.90315818787
53.84945869445801
14.688253402709961
126.0538101196289
8038.773775100708
37.63461112976074
7364.899396896362
32.92393684387207
72.71242141723633
73.99225234985352
1287.7774238586426
32.10043907165527
34.749746322631836
350.3551483154297
96.12131118774414
48.59566688537598
839.4255638122559
94.43163871765137
60.58835983276367
252.55632400512695
60.60528755187988
69.4735050201416
2260.4265213012695
28955.85012435913
64.32032585144043
24.14417266845703
211.01975440979004
47.84250259399414
17.603635787963867
1108.4413528442383
104.95948791503906
99.26533699035645
61.42473220825195
21.750926971435547
155.58505058288574
87.01705932617188
80.44767379760742
73.42147827148438
1699.7568607330322
51.198720932006836
95.5812931060791
134.36222076416016
27.82607078552246
36.16523742675781
204.90694046020508
48.31743240356445
69.52095031738281
310211.54856681824
68741.80555343628
83.87017250061035
159.08503532409668
290.360689163208
66.50185585021973
35.02225875854492
1085.500717163086
251530.57169914246
82.59892463684082
89.8287296295166
1016.7648792266846
116.90044403076172
188.0970001220703
56.276559829711914
138.70954513549805
50.18210411071777
148.37050437927246
23.143768310546875
3851.165294647217
226.81617736816406
42663.68055343628
68.84908676147461
310.75215339660645
5603.529930114746
32.63449668884277
57.52396583557129
24.40190315246582
51.07688903808594
61.65337562561035
114.43495750427246
2662.5285148620605
777.6658535003662
25.603532791137695
116.86539649963379
32.04035758972168
169.45910453796387
113.26813697814941
49.84617233276367
81.64453506469727
238.34228515625
30.578136444091797
157.1674346923828
33.19668769836426
37.940025329589844
13156.266450881958
33.554792404174805
28.650760650634766
16.51310920715332
53.76124382019043
293.37286949157715
27.03571319580078
231.87541961669922
35.96639633178711
76.34449005126953
257.43961334228516
658.052921295166
1991.6784763336182
121.81305885314941
55.74679374694824
22.79496192932129
4743.435382843018
1386.4457607269287
56232.25808143616
40.25673866271973
30.703306198120117
62.192440032958984
340.73638916015625
48.73085021972656
24622.018098831177
46.883583068847656
232.85174369812012
55.022478103637695
122.01666831970215
20127.024173736572
317.3840045928955
78.14383506774902
350.2464294433594
32967.95129776001
186.83981895446777
74.76544380187988
178294.4619655609
128.0667781829834
11780.649900436401
2704.8401832580566
122.72047996520996
275.5444049835205
8730.57770729065
35172.14608192444
26.159286499023438
268.6946392059326
90.21735191345215
710.9572887420654
97.64862060546875
20786.58890724182
133.78381729125977
48.69222640991211
16.820907592773438
65.45639038085938
61.42687797546387
37.64224052429199
52.530765533447266
29.93035316467285
1326.874017715454
47.18613624572754
130.86438179016113
91.30740165710449
56.220054626464844
126.07216835021973
867.5429821014404
78.97591590881348
27.140140533447266
5547.645807266235
71.19369506835938
30.51447868347168
96.81820869445801
77.3630142211914
29.32143211364746
66.93673133850098
137.55440711975098
21858.59179496765
816.6210651397705
143.48649978637695
92.93460845947266
29.741287231445312
29.822587966918945
411275.61354637146
146.7430591583252
242619.78268623352
36.214351654052734
102.42104530334473
1360.8717918395996
104.60925102233887
193.32480430603027
880.1624774932861
74.31602478027344
79.28872108459473
17723.450660705566
18174.833059310913
197.74961471557617
380.43212890625
35.407066345214844
121.94085121154785
98.49905967712402
35938.33327293396
52.84309387207031
313.9781951904297
96.48394584655762
45.621395111083984
163.47908973693848
548708.9366912842
68.30072402954102
2551.2428283691406
97.0308780670166
28.93686294555664
203.35626602172852
48.70462417602539
226.98521614074707
94.82073783874512
14565.017938613892
3965.676784515381
69.61393356323242
35.78448295593262
246.5667724609375
256.8395137786865
370.6638813018799
49.69167709350586
24884.588718414307
28.229475021362305
324.83434677124023
202.51035690307617
69.04721260070801
60.15968322753906
29.029130935668945
302.3395538330078
69.78130340576172
36.19694709777832
17.45319366455078
16.86692237854004
147.06039428710938
63.45343589782715
39.520978927612305
97.20015525817871
38.42592239379883
346.4703559875488
33.2798957824707
81.96067810058594
95.1836109161377
79.87761497497559
198.42219352722168
65.28210639953613
72.5405216217041
256114.18962478638
3058.804750442505
256.211519241333
112.93768882751465
31.727075576782227
226.8059253692627
1124.0692138671875
96.7557430267334
415.8487319946289
29.013872146606445
61.9206428527832
32.79614448547363
40.43292999267578
83.34851264953613
45.48907279968262
107.19442367553711
131.84380531311035
92.4527645111084
117032.38582611084
117.89894104003906
7384.520530700684
101.11260414123535
690.6132698059082
832.6013088226318
66.41602516174316
61.2332820892334
60.357093811035156
242444.22817230225
146.23332023620605
85.51263809204102
99.90262985229492
292.8802967071533
12.062549591064453
62.56842613220215
178.30276489257812
67.3072338104248
56.29992485046387
52.95705795288086
6761.363983154297
334.9647521972656
23.219585418701172
1014.2507553100586
10676.273584365845
2089.714288711548
180.74297904968262
264.1899585723877
178.49063873291016
128.1569004058838
1508.5299015045166
9071.232795715332
87.5239372253418
249.1440773010254
73.09865951538086
99.03621673583984
30.373096466064453
37.75215148925781
399564.688205719
80591.09568595886
30.119657516479492
142.8089141845703
37.35184669494629
86.8082046508789
89.91050720214844
140.0775909423828
167.45615005493164
110.4729175567627
527565.5026435852
208.7993621826172
231.6148281097412
59.027910232543945
17.281532287597656
111.71483993530273
59.90719795227051
195.44196128845215
343.6729907989502
27.191638946533203
34.8203182220459
19.91724967956543
21.374225616455078
2847.30863571167
77.91495323181152
69.67544555664062
17.23313331604004
964.8292064666748
87.79406547546387
44.56472396850586
81.95328712463379
42.18482971191406
17.79460906982422
207.29684829711914
442.9130554199219
121.89769744873047
66.50614738464355
276.43823623657227
325.5739212036133
124.01151657104492
901.4060497283936
293.8380241394043
257.570743560791
57.778120040893555
55.689334869384766
150.15602111816406
50.21381378173828
24.120569229125977
244.0176010131836
23.01812171936035
130.61809539794922
4896.946430206299
25.98404884338379
330.38926124572754
4840.147495269775
107606.98914527893
37.90020942687988
3127.2828578948975
138.1690502166748
12320.825815200806
133.6839199066162
26.163339614868164
82.12780952453613
140.36154747009277
33.93912315368652
94.02227401733398
143.50557327270508
38.15269470214844
59.656381607055664
74.56326484680176
17.503023147583008
84.9757194519043
61.55705451965332
5564.752578735352
709.9452018737793
733.3235740661621
51.720619201660156
29.06060218811035
138.88168334960938
100.433349609375
405.6992530822754
24.567604064941406
78359.1456413269
181.52761459350586
25.63333511352539
127.11954116821289
49.13043975830078
4192.821264266968
25.386333465576172
185.07862091064453
172.20187187194824
29.668807983398438
34.88969802856445
43.42913627624512
258.43191146850586
647.5324630737305
128.01575660705566
259.71293449401855
24.97267723083496
43.64442825317383
19071.76971435547
772.1266746520996
64.57948684692383
83.22405815124512
257.11941719055176
117.78140068054199
155.88927268981934
113.30342292785645
68.28474998474121
30.766963958740234
109.47751998901367
829.0305137634277
8006.535768508911
18129.677295684814
355565.4807090759
417.5224304199219
7255.76639175415
107.66792297363281
27.83799171447754
4661.139249801636
36.79704666137695
58.41827392578125
32.848358154296875
290.2834415435791
26.799678802490234
16.524314880371094
68.70269775390625
1704.0467262268066
126.60360336303711
14.737606048583984
43.8685417175293
32.31310844421387
262658.3888530731
92.20337867736816
81.53152465820312
24.562358856201172
863.3277416229248
424.9286651611328
134.51647758483887
40.599822998046875
289.6614074707031
27014.29843902588
24774.996519088745
57.794809341430664
16.434192657470703
91.27473831176758
52.860260009765625
28.83172035217285
128.85522842407227
30.2274227142334
85.82186698913574
115.79203605651855
63.47393989562988
39.359092712402344
29.40988540649414
148.9999294281006
431.32662773132324
32.05394744873047
43.67351531982422
247.8036880493164
47094.23542022705
139.2982006072998
37830.37447929382
29.972553253173828
80.0929069519043
47430.24659156799
2726.8683910369873
29.783964157104492
70.02687454223633
103.90281677246094
242.38157272338867
14.286279678344727
244.83871459960938
1937.9496574401855
59708.64462852478
143.13483238220215
99.88164901733398
46.20003700256348
69.43655014038086
20.587682723999023
12672.37663269043
40.035247802734375
68.16625595092773
38.51008415222168
127.32267379760742
1735.3425025939941
80.9931755065918
89.51187133789062
194.83447074890137
206.50100708007812
70.65057754516602
66447.2291469574
53.88236045837402
51.9719123840332
26294.13366317749
92.00739860534668
94.00177001953125
440.9768581390381
1102.0524501800537
13.801336288452148
82.16381072998047
45.55654525756836
8701.345205307007
79.32138442993164
37.37950325012207
91.9954776763916
206.5448760986328
56.39028549194336
31.00728988647461
884.0749263763428
129.4262409210205
49.332618713378906
51.00560188293457
71.20609283447266
1447.716474533081
319.2744255065918
37.95957565307617
62.02530860900879
435.8201026916504
14.821529388427734
20.717620849609375
127.5484561920166
27.904987335205078
69.64969635009766
24.98030662536621
55.28903007507324
3113.7726306915283
478.4073829650879
106.71567916870117
22.12071418762207
206.89129829406738
25.120973587036133
1153.7902355194092
63.7822151184082
47.77359962463379
223.84881973266602
35.52651405334473
32.86337852478027
1823.9080905914307
355.35120964050293
78.89842987060547
7465.558767318726
3992.687225341797
42.08064079284668
9624.613285064697
43.290138244628906
139.27578926086426
28.62858772277832
106390.61951637268
128.8611888885498
83.91427993774414
11819.308519363403
110.76521873474121
278.9435386657715
169614.72487449646
59.38911437988281
331.29024505615234
43.41912269592285
2988.7633323669434
703.1702995300293
362.6713752746582
108.67977142333984
43.45822334289551
109.53879356384277
34.130096435546875
214.0195369720459
145.8749771118164
95.90029716491699
557.8055381774902
25.911331176757812
308.9315891265869
39.35980796813965
64.96286392211914
66855.34334182739
150.1944065093994
56.0450553894043
21.442174911499023
687.2835159301758
592.7209854125977
26.409626007080078
31.488418579101562
33.83994102478027
16638.964414596558
68.51768493652344
216.91012382507324
89.27583694458008
13904.461145401001
65.49835205078125
18.689393997192383
15.163421630859375
1630.9680938720703
251985.98527908325
107.22732543945312
39.53838348388672
23.306608200073242
341.69912338256836
130.74588775634766
17198.122024536133
35.09926795959473
122.73049354553223
76.46846771240234
34.32631492614746
26.638031005859375
30.61676025390625
65.37127494812012
604.9692630767822
2114.6445274353027
3547.9915142059326
733.6392402648926
24.379253387451172
22.10688591003418
70910.23230552673
2006.2131881713867
182.6167106628418
247.89977073669434
255.68914413452148
1215.904712677002
40.366172790527344
247.76101112365723
225.1296043395996
4854.745864868164
261.02709770202637
37.97793388366699
448.4825134277344
46.17905616760254
55.75203895568848
200.5147933959961
40.911197662353516
71.06828689575195
62.33716011047363
57.55782127380371
54.72850799560547
73.88782501220703
854.6125888824463
34.36899185180664
57957.446336746216
303420.9864139557
98.8771915435791
156.4183235168457
269.28043365478516
121.69814109802246
13.803243637084961
101.23562812805176
62.01291084289551
96.99606895446777
62.82234191894531
163.6509895324707
36558.918476104736
4209.367275238037
42.13452339172363
43.43390464782715
103529.74009513855
188.20500373840332
210.15405654907227
41.239023208618164
52.15144157409668
16574.652433395386
1235.7823848724365
28.885841369628906
26.982545852661133
53.681135177612305
44.95429992675781
311.9068145751953
104.56275939941406
81.49218559265137
70.48439979553223
21.659374237060547
277.61268615722656
27.692317962646484
25.749921798706055
109.29441452026367
806.8819046020508
32.59468078613281
2119.9538707733154
2977.3952960968018
310.9579086303711
8438.86661529541
95.30520439147949
10597.815752029419
68.80426406860352
701.3254165649414
68.59612464904785
24.48749542236328
210163.90419006348
100.24356842041016
28.76448631286621
350591.2139415741
230.58629035949707
246.2458610534668
99.96151924133301
87.86201477050781
39.246320724487305
35.3395938873291
22.42588996887207
107.9721450805664
6108.029842376709
134.9780559539795
102.1111011505127
31.338214874267578
854.7000885009766
92.70596504211426
6044.975757598877
25.94304084777832
82.48543739318848
29.012680053710938
490.08703231811523
363.2698059082031
111.19341850280762
135.23077964782715
655.5662155151367
112.70546913146973
355.7627201080322
88.61017227172852
44.074296951293945
198.9917755126953
106.597900390625
516.319751739502
6111.278533935547
89.82372283935547
32.881736755371094
330.8260440826416
96.86970710754395
494.9014186859131
79.19716835021973
79.05054092407227
70321.68173789978
52.52957344055176
54.46815490722656
36.29732131958008
310.17279624938965
42.845964431762695
298.0234622955322
27.688264846801758
106.22096061706543
49.462318420410156
151.1862277984619
226.0599136352539
15.40827751159668
96.91166877746582
86.24744415283203
295.34387588500977
243.04747581481934
60.39237976074219
163.5115146636963
23.811817169189453
15.46335220336914
955.8079242706299
42.19698905944824
41.99671745300293
41.382551193237305
465206.5324783325
559.6709251403809
31.537771224975586
2353.0054092407227
2659.790515899658
59.96823310852051
58.54392051696777
36.042213439941406
123.80409240722656
22.67932891845703
54.16679382324219
1262.598991394043
157598.0589389801
273.6847400665283
308.06636810302734
243.30687522888184
444.91100311279297
2840.989351272583
12.760400772094727
26.334285736083984
547.076940536499
383.06379318237305
54.56423759460449
181.61511421203613
1671.6809272766113
2341.3469791412354
60.738563537597656
179163.41614723206
33.036231994628906
48.778533935546875
35773.76627922058
38.83075714111328
40.51923751831055
27.169227600097656
92.9725170135498
573.8420486450195
89.60461616516113
145.42126655578613
279.5712947845459
40.91286659240723
23.547887802124023
31.94594383239746
230.30614852905273
37.42790222167969
284741.8420314789
288.21802139282227
29.917001724243164
822.1611976623535
103.23023796081543
68.90273094177246
180.16409873962402
1034.3296527862549
72.58176803588867
62.93225288391113
52.979469299316406
54.77118492126465
50.52065849304199
73.59147071838379
91.29118919372559
152.4355411529541
79.56790924072266
63.39454650878906
119.44699287414551
59.00239944458008
37.37640380859375
94.53582763671875
2581.6597938537598
117.15006828308105
21.700382232666016
26.25441551208496
271446.8195438385
85.49833297729492
253.33023071289062
586919.7840690613
81.27498626708984
304.0750026702881
58.400630950927734
206.00366592407227
159.69443321228027
54.02493476867676
43.54691505432129
64.23306465148926
133.5010528564453
84400.87652206421
122.54977226257324
140.72608947753906
1374.070644378662
23.671388626098633
382.7357292175293
191.31875038146973
32.24468231201172
101.57918930053711
65.68312644958496
2499.2172718048096
31773.61798286438
266.2782669067383
65.28329849243164
69.52071189880371
203.3381462097168
260.2226734161377
119.77314949035645
35897.43447303772
107.94401168823242
93.3682918548584
39.552927017211914
27.197599411010742
722.5167751312256
286.7100238800049
3582.639217376709
48.90871047973633
51.8648624420166
56.97178840637207
365950.0961303711
139.6174430847168
46404.79278564453
27.391910552978516
161.82446479797363
322.859525680542
8730.286836624146
24.06787872314453
73.17948341369629
28.59354019165039
171.50187492370605
69.40674781799316
37.31703758239746
99.57647323608398
55.00316619873047
84.03992652893066
31.2502384185791
27229.98094558716
35.22825241088867
62.30282783508301
173.61927032470703
95.92127799987793
1098.7162590026855
80.00755310058594
106353.48868370056
113712.20207214355
26.676416397094727
1085.6678485870361
127.3043155670166
35.88104248046875
158.48183631896973
430.21130561828613
127.04110145568848
24645.833730697632
53.399085998535156
50.116539001464844
14991.951942443848
44.3873405456543
26.571989059448242
68.21417808532715
791.4996147155762
45.093536376953125
622.0273971557617
20.50471305847168
61557.995557785034
96.47893905639648
84.88059043884277
36.8802547454834
81.69150352478027
729.7267913818359
39.68930244445801
858.130693435669
32.28616714477539
92.12303161621094
48.37942123413086
26.947498321533203
138.74363899230957
751.1944770812988
25.704622268676758
111361.8643283844
98.40917587280273
773.5586166381836
17951.22194290161
65.4134750366211
208.03546905517578
14.420032501220703
123.08359146118164
11454.455852508545
30.717849731445312
153.88965606689453
132.4305534362793
33.32948684692383
10.853290557861328
775.0093936920166
785.5136394500732
245.6355094909668
103.04856300354004
59.65065956115723
501.38139724731445
15.73324203491211
104.1710376739502
1583.9691162109375
978.6891937255859
470531.30626678467
101.45401954650879
183.29739570617676
26.302814483642578
46.11039161682129
19.515037536621094
2138.388156890869
231.5843105316162
24.141788482666016
36.0414981842041
322.96085357666016
1143.6479091644287
63.39120864868164
123.2903003692627
128.22246551513672
104.63619232177734
85.35432815551758
40.92741012573242
97.2142219543457
221.20118141174316
71.20013236999512
110.7640266418457
48529.008626937866
61.75065040588379
105.49306869506836
17.309904098510742
349.5137691497803
13.298511505126953
103.80268096923828
1208.0190181732178
137.2394561767578
177.3507595062256
39.56747055053711
105.04937171936035
101.69839859008789
207.59153366088867
22.64094352722168
79.79941368103027
45.77040672302246
28.868436813354492
68.85194778442383
121.80161476135254
104.91347312927246
1216.7737483978271
11876.659393310547
75.47950744628906
33.28561782836914
33.08391571044922
12152.429103851318
113.95931243896484
2216.311454772949
53551.249980926514
1891.6144371032715
16441.359281539917
37082.167625427246
42.12498664855957
861.4761829376221
464.13564682006836
36.87095642089844
87.36491203308105
31.293630599975586
92561.22517585754
53352.91910171509
255.73134422302246
54.16369438171387
88.54508399963379
560.6637001037598
107.19799995422363
40.71450233459473
65.58012962341309
34.93070602416992
11638.58413696289
45.87435722351074
49855.3831577301
35.288333892822266
80.15179634094238
84.6855640411377
121.21868133544922
146.17204666137695
58.11810493469238
80.78384399414062
42.80686378479004
135.01644134521484
25.35843849182129
70.71685791015625
125.8859634399414
74.62811470031738
233.35504531860352
87.46862411499023
33.89596939086914
4112.401962280273
89.77961540222168
177.9024600982666
23.9870548248291
28.752565383911133
39.48616981506348
72.95370101928711
52.82425880432129
133.0578327178955
25160.789728164673
181752.8374195099
18067.65127182007
28.085947036743164
54.22496795654297
34.09147262573242
103.95336151123047
72.39794731140137
71277.56142616272
24409.78193283081
65.7036304473877
82.15141296386719
72.9973316192627
304.97026443481445
69.10443305969238
133.24403762817383
28.36775779724121
140.83051681518555
27.975797653198242
419.48437690734863
140.18487930297852
165.4345989227295
27.755022048950195
47.49035835266113
232.57923126220703
410.4020595550537
176.24759674072266
59.688568115234375
38.269758224487305
933.6245059967041
127.15935707092285
548.6118793487549
23.005008697509766
112.61582374572754
153.30743789672852
44.927358627319336
955.5258750915527
112.81132698059082
41.43643379211426
412244.5197105408
375100.80194473267
20474.809646606445
765.2335166931152
2068.051815032959
118108.36553573608
32073.50993156433
29.275894165039062
160.43400764465332
33.25915336608887
1746.631145477295
115693.27449798584
111.53531074523926
92.16976165771484
104.43544387817383
24.45697784423828
268.1710720062256
129.1964054107666
13198.891878128052
654.6707153320312
1538.102388381958
80.51228523254395
52.46567726135254
43.57481002807617
32.07063674926758
26.42369270324707
184638.84115219116
23.332595825195312
27.030229568481445
27.790307998657227
30.06768226623535
145.47204971313477
2055.155038833618
204.64444160461426
115862.75029182434
50.473690032958984
78.8717269897461
67.79861450195312
734.6258163452148
47.27983474731445
25.14052391052246
13533.716917037964
92.45467185974121
142.4086093902588
32.358646392822266
244.02356147766113
25.208711624145508
273.3747959136963
52.54650115966797
58.032989501953125
118583.96315574646
150.37274360656738
96.86779975891113
2106.9915294647217
255222.3663330078
178253.17811965942
650218.100309372
19.51289176940918
26.577472686767578
78.71770858764648
235.54515838623047
27.360200881958008
92.7577018737793
54.6114444732666
180.13858795166016
8344.62022781372
205.1410675048828
463.9596939086914
243.26777458190918
61.829328536987305
28.163909912109375
32.160282135009766
49.15904998779297
173.28333854675293
33.165931701660156
158.60581398010254
44.9068546295166
1068.5396194458008
474.8411178588867
474.08509254455566
37.75644302368164
42.652130126953125
132.72929191589355
62.761545181274414
767.3039436340332
104.72822189331055
589.6406173706055
30.808448791503906
293.69544982910156
69634.24062728882
37.37068176269531
61.11478805541992
763801.5575408936
23.581743240356445
56.03647232055664
1860.046625137329
47.477006912231445
21.915435791015625
179.06856536865234
42.74702072143555
69.07534599304199
111.11593246459961
298.17843437194824
3708.4147930145264
24488.226652145386
22.382259368896484
2699.5129585266113
361.7391586303711
90.40641784667969
28.202295303344727
319.4153308868408
1733.0806255340576
852.6980876922607
18973.729848861694
1179.8701286315918
6633.801221847534
98.10090065002441
119.10510063171387
43.64013671875
27.81224250793457
508.41832160949707
451.3664245605469
572.9095935821533
110.09430885314941
34.839630126953125
78.49884033203125
2073.2672214508057
5836.983203887939
21.970033645629883
280.2867889404297
57.691097259521484
14516.70527458191
57.46030807495117
47.649383544921875
18041.579008102417
57.5709342956543
73.0581283569336
256.9007873535156
218.2445526123047
31.798839569091797
63867.12408065796
97.6254940032959
76.7049789428711
22829.418659210205
646.0211277008057
6750.438928604126
96.43077850341797
53.07602882385254
2929.9089908599854
62.834978103637695
35.22014617919922
6239.976406097412
90.89279174804688
129.9428939819336
21.099090576171875
29.247522354125977
68.75205039978027
29.024362564086914
4829.180955886841
71.8238353729248
61.40279769897461
73.46439361572266
61.540842056274414
35.57324409484863
21.740436553955078
33.46538543701172
47.13916778564453
32.70244598388672
30.263423919677734
99.99656677246094
104.11453247070312
118.24727058410645
29.9379825592041
806.236982345581
316.3588047027588
3737.4281883239746
68.10665130615234
29.07276153564453
26.756763458251953
195.5585479736328
4058.1367015838623
22540.894269943237
80.26266098022461
100.02660751342773
27.82273292541504
128.22604179382324
40.46773910522461
2735.200881958008
26762.919902801514
27.392864227294922
19.269943237304688
19.959688186645508
21.34418487548828
40.926456451416016
28.445005416870117
53.565025329589844
100.45576095581055
99.55167770385742
72.0667839050293
35.15315055847168
143.1598663330078
80.44672012329102
150.6030559539795
207.9012393951416
32.61733055114746
29197.052478790283
738.1739616394043
19.72484588623047
7844.44785118103
53.16948890686035
41132.540702819824
3632.078170776367
19.82426643371582
14091.40658378601
790.8210754394531
1728.379249572754
246.8585968017578
424.36933517456055
18.262624740600586
71.52795791625977
39.55197334289551
27.9390811920166
40.52019119262695
18.297672271728516
105.52191734313965
45.62497138977051
23.067235946655273
705516.1938667297
39682.087659835815
38.49387168884277
24867.491006851196
45.66788673400879
16.643524169921875
140.75136184692383
965.4116630554199
8523.355960845947
63.13610076904297
29.114723205566406
70.11294364929199
42201.475858688354
26.395320892333984
28.645992279052734
135.1478099822998
88.28258514404297
53.322792053222656
171.09155654907227
59.328317642211914
288.3460521697998
63.21287155151367
654.3049812316895
35.26878356933594
33.56528282165527
19480.17191886902
49.47352409362793
77.76665687561035
36.35263442993164
67.31343269348145
437.6518726348877
10233.791589736938
252.46334075927734
83.29534530639648
2001.598596572876
71.01106643676758
22.428035736083984
269.53935623168945
135.44058799743652
46.835899353027344
89.27631378173828
27.59552001953125
693.7966346740723
7967.6713943481445
71.45285606384277
89.00833129882812
73.5161304473877
353.7559509277344
28.035640716552734
80.46245574951172
12075.193643569946
4305.155277252197
237.8215789794922
8001.620054244995
38.42639923095703
59.17549133300781
42.82641410827637
98.62923622131348
39.43824768066406
351.60326957702637
77.65603065490723
62.87121772766113
844.4769382476807
37.51850128173828
2762.8300189971924
181.44536018371582
13.639450073242188
168.76816749572754
142.93646812438965
79.38528060913086
29.06966209411621
71.38848304748535
86.54260635375977
117.11812019348145
28.09882164001465
270.60914039611816
98575.89364051819
49.79681968688965
104.6605110168457
20142.879247665405
30.57265281677246
7421.494483947754
46.33069038391113
30.229806900024414
35.66622734069824
816.2846565246582
33.443450927734375
33.014774322509766
21.466493606567383
53.765296936035156
29.674291610717773
179.8241138458252
33237.040519714355
84.36870574951172
326.77578926086426
44.147491455078125
9.983062744140625
188.57908248901367
57.77454376220703
118.84784698486328
62.8511905670166
61.42902374267578
1446.7082023620605
30.09319305419922
163.19870948791504
3098.642587661743
55.413246154785156
1445.3928470611572
31.70299530029297
14935.359001159668
69.6096420288086
843.8923358917236
66.62511825561523
104.36463356018066
24.73163604736328
3235.3203296661377
23458.23359489441
116.34969711303711
24.50251579284668
364.5951747894287
114.57085609436035
37.572383880615234
107.8338623046875
33.29181671142578
92.19717979431152
132.39264488220215
19686.912298202515
179.7201633453369
116.60909652709961
110.86678504943848
62.64305114746094
40.05074501037598
29.741525650024414
172.18446731567383
93.8868522644043
514.8887634277344
80.10649681091309
27.42314338684082
42.27161407470703
330.94167709350586
286.7753505706787
526.3686180114746
33.576011657714844
39222.41830825806
24.824857711791992
55.418968200683594
747.2081184387207
55.753469467163086
22.588729858398438
177.47950553894043
1445.655345916748
44.08621788024902
137.6345157623291
36.40556335449219
37.80412673950195
145.12300491333008
10652.389287948608
110.9776496887207
141.1454677581787
83.5564136505127
1456.3887119293213
7053.609132766724
1236.75537109375
229.92777824401855
497.7233409881592
152.36783027648926
65499.49264526367
228.5897731781006
987.3471260070801
19809.242010116577
45.934438705444336
210.04509925842285
53.30300331115723
19.089937210083008
92.3764705657959
465.5482769012451
143.78929138183594
203.02462577819824
25.990009307861328
664.8783683776855
634604.4960021973
25.728464126586914
29.58822250366211
39.2451286315918
140.52557945251465
3934.669256210327
187.56771087646484
36.92197799682617
24574.384927749634
19.377708435058594
100.61955451965332
31.302213668823242
17.1051025390625
34.67512130737305
20.33233642578125
84.90943908691406
643.2399749755859
90.95406532287598
107926.0413646698
215.87800979614258
32.0892333984375
44.928789138793945
3302.5691509246826
875.4525184631348
197.88575172424316
23.902177810668945
82.5951099395752
159.34324264526367
358.0324649810791
71522.63259887695
40.31252861022949
54.26621437072754
68.75181198120117
77.81648635864258
19.484281539916992
34.97767448425293
535.5641841888428
14097.39637374878
234.9562644958496
26.350975036621094
94.38967704772949
50.41241645812988
39.667606353759766
21.759510040283203
879484.719991684
33.50496292114258
31.867265701293945
195.4038143157959
39.49451446533203
356.9149971008301
122.45035171508789
30.48253059387207
81.36487007141113
81.77065849304199
86.90905570983887
125.87308883666992
165.54737091064453
246.9797134399414
198.4858512878418
437.87407875061035
21.698474884033203
108140.30146598816
30.389785766601562
26.67546272277832
92.58246421813965
88.87767791748047
32.99450874328613
8324.965476989746
196.1655616760254
152.56118774414062
218.63365173339844
6831.751585006714
95.89314460754395
25430.543661117554
90915.57335853577
86.19546890258789
77.92305946350098
1212.7549648284912
168587.33010292053
17.271995544433594
79753.63397598267
2674.431324005127
200.16932487487793
53.15661430358887
32.7153205871582
95.9329605102539
35.28642654418945
42501.45983695984
22962.366819381714
46.69189453125
77.63051986694336
44.0216064453125
96.16804122924805
12452.292203903198
33881.399393081665
187.90388107299805
431.9612979888916
472.4924564361572
17.287254333496094
32547.42670059204
2200.6118297576904
17192.930221557617
539.0865802764893
2347.381353378296
353.12819480895996
5370.375633239746
295.3512668609619
296.82183265686035
999.5260238647461
124.78876113891602
67132.27915763855
6110.657453536987
232.06663131713867
1655.2002429962158
122.72977828979492
9502.68292427063
39.94393348693848
26.19314193725586
432.36327171325684
811.5177154541016
52.756309509277344
167.2501564025879
25496.145725250244
21.16870880126953
21.071672439575195
268.04041862487793
100.39973258972168
22.818803787231445
16260.844469070435
41.37778282165527
43.57600212097168
4554.578065872192
1290.2295589447021
34.37638282775879
81.83622360229492
304.8360347747803
43.62034797668457
24.887561798095703
24.58047866821289
56.52666091918945
707.5574398040771
2122.0996379852295
19814.741849899292
140.80238342285156
31.87108039855957
103.29818725585938
20.12324333190918
299.92055892944336
164.7956371307373
113.31605911254883
37.06073760986328
1252.9125213623047
55.86886405944824
24.749040603637695
126.95980072021484
802.6466369628906
27499.87554550171
15.377044677734375
27.394533157348633
2374.4404315948486
4532.743692398071
82.8700065612793
201.51352882385254
172.12796211242676
66.2236213684082
80.22308349609375
125.97393989562988
281.91542625427246
582.1537971496582
38.11836242675781
102.6914119720459
90.06118774414062
51.89800262451172
51.497459411621094
360.9459400177002
84.50984954833984
79.09345626831055
4079.1938304901123
32.77420997619629
255.78927993774414
325.29687881469727
151.88074111938477
25.707244873046875
49.240827560424805
48.513174057006836
23.24390411376953
187.34264373779297
43.25580596923828
149.4302749633789
45.42207717895508
1328.7444114685059
43.61724853515625
52.25539207458496
22.43208885192871
80.2006721496582
23.78368377685547
36.86165809631348
77488.64316940308
94.51913833618164
10.363101959228516
42.724609375
4883.232355117798
78.82857322692871
30.85613250732422
8341.694355010986
26.354074478149414
5312.340021133423
21556.676626205444
41.5492057800293
159.00325775146484
29.194355010986328
210.26158332824707
3022.0420360565186
732.6741218566895
38.04183006286621
255.9044361114502
114.70413208007812
64080.89375495911
65.7958984375
31.540393829345703
47.98245429992676
53.98058891296387
89.54811096191406
27.727127075195312
54.43286895751953
43.87378692626953
85.78300476074219
100.80957412719727
77.4226188659668
43.76101493835449
111.47880554199219
42167.33145713806
14.69731330871582
45.296669006347656
83.23836326599121
34.468889236450195
76.82275772094727
76.45416259765625
442.11316108703613
43.56026649475098
8243.956089019775
555.3293228149414
77.71039009094238
880.1209926605225
355.4677963256836
99.46346282958984
51736.3166809082
33.841848373413086
2615.2515411376953
52.73318290710449
2607.405185699463
99.0591049194336
510.24723052978516
817.0497417449951
8046.718120574951
83.34970474243164
49.2100715637207
2149.7092247009277
34.57331657409668
898.5400199890137
34.22188758850098
296.56410217285156
20.331382751464844
35.761356353759766
189.06521797180176
73.6854076385498
12.10784912109375
103.82986068725586
1566.8761730194092
283.8633060455322
93.51515769958496
53.67588996887207
105.2389144897461
79.8187255859375
48.456430435180664
21595.842599868774
254.88996505737305
1004.8074722290039
75.84500312805176
119.54879760742188
14.370441436767578
100.67486763000488
55.303335189819336
273.12636375427246
1748.2960224151611
192.13318824768066
22.38321304321289
1713.0260467529297
63.48443031311035
97.97930717468262
65.44971466064453
31.82053565979004
72.65114784240723
25.344371795654297
48.60329627990723
88.09947967529297
30.79986572265625
247.39909172058105
65.89078903198242
161033.82325172424
79532.61065483093
594.8104858398438
59.671640396118164
80.77383041381836
45.671701431274414
43.04766654968262
290846.88210487366
68.75300407409668
19.148826599121094
29.44350242614746
1698.2812881469727
168.19524765014648
1570.7099437713623
86.65823936462402
23.01788330078125
216.51268005371094
1530.6308269500732
42.27089881896973
1385.0164413452148
30.18665313720703
48853.094816207886
437.0386600494385
80.8558464050293
52.10542678833008
29.758453369140625
87.26358413696289
31.155824661254883
20.780086517333984
25.342464447021484
74.86987113952637
200.30832290649414
37.375450134277344
106.4600944519043
6551.496744155884
71.55251502990723
129.73332405090332
784.3599319458008
1369.070291519165
21326.355934143066
46.541690826416016
353.9695739746094
63.36379051208496
2922.9366779327393
55.12666702270508
24.866819381713867
36.0102653503418
128.10087203979492
23.12326431274414
17.763614654541016
780.3025245666504
440.2728080749512
28.553247451782227
27.95553207397461
83.90045166015625
2966.7890071868896
358.5948944091797
41.62931442260742
201.85470581054688
35.886526107788086
27.5728702545166
52.13475227355957
5355.059623718262
20834.033489227295
2299.6795177459717
45.86958885192871
19.348621368408203
71.83003425598145
145.71785926818848
29.47521209716797
3610.3713512420654
111.01245880126953
43.282270431518555
26.159286499023438
208.0557346343994
58.08067321777344
15.653371810913086
31.290292739868164
57.91139602661133
36.81159019470215
22.825002670288086
141.8464183807373
211.4875316619873
21613.37971687317
44.10052299499512
48.1874942779541
41.64934158325195
50.707340240478516
11686.158180236816
66.01119041442871
5656.916856765747
55.95541000366211
83.38689804077148
36.176204681396484
76.53427124023438
65.39702415466309
1544.1181659698486
341.69578552246094
44.56496238708496
93.30391883850098
121.93727493286133
50.50921440124512
90.28506278991699
86.84253692626953
37035.92610359192
101.67121887207031
60.41288375854492
262.36963272094727
128.07774543762207
31.01944923400879
100.87156295776367
33933.76636505127
67.78359413146973
66.45798683166504
82.82685279846191
25.673389434814453
26.322126388549805
170.98045349121094
3047.752618789673
159.15560722351074
29.070615768432617
67.28386878967285
235.74328422546387
103.42764854431152
178.53236198425293
64.77212905883789
34651.90887451172
88.79899978637695
138.64755630493164
260.4210376739502
243111.38558387756
1097.0001220703125
22535.444259643555
88320.556640625
126.81126594543457
31.629562377929688
264.97507095336914
84.90490913391113
31.766891479492188
25.60591697692871
32.79900550842285
22.343158721923828
1451.4744281768799
71.2428092956543
18.215656280517578
77.77643203735352
58.210134506225586
106.74023628234863
2660.0639820098877
78.44710350036621
88.56511116027832
47.90520668029785
106.03690147399902
24.096012115478516
264.6327018737793
67.64554977416992
23692.434310913086
64.3317699432373
239.32814598083496
39.2756462097168
28.312206268310547
20018.15938949585
22.162437438964844
37.52446174621582
30.94625473022461
145.54476737976074
35.05659103393555
54.50272560119629
648.1382846832275
45.809030532836914
43.68710517883301
79.27727699279785
14179.587125778198
366.499662399292
237.00571060180664
70.62911987304688
51.26214027404785
76.99131965637207
139.3418312072754
7357.46431350708
15.39158821105957
83.8003158569336
763.5900974273682
181.81896209716797
575314.9659633636
234.74431037902832
47.8215217590332
22.55082130432129
77.61335372924805
41.10574722290039
23.62370491027832
11080.677270889282
40.38262367248535
543.6539649963379
553.9543628692627
66.48707389831543
85.94036102294922
45.85599899291992
1771.8491554260254
854.9962043762207
78.70626449584961
184.35072898864746
98.34504127502441
6631.578207015991
286.24844551086426
62.123775482177734
22.304534912109375
45.16172409057617
44.52776908874512
51.525115966796875
70.04070281982422
240.91792106628418
43.43771934509277
293.25270652770996
531.3689708709717
39.83759880065918
84.99431610107422
16.802072525024414
46.81801795959473
73.7450122833252
23.903846740722656
105.49163818359375
189.5468235015869
40.97604751586914
2025.1045227050781
39.785146713256836
13.070821762084961
203.2299041748047
16101.662397384644
95.70574760437012
25.717735290527344
83.80889892578125
134.40561294555664
42.6023006439209
26.48162841796875
90.88683128356934
83.9684009552002
144.27471160888672
79.07295227050781
6052.913665771484
10224.238634109497
24.927377700805664
46.13804817199707
60.683250427246094
79.00238037109375
120762.12525367737
96090.7883644104
3826.6916275024414
33708.698987960815
3194.6237087249756
29.62040901184082
39.72816467285156
215726.66907310486
482946.7821121216
443978.38282585144
336.4570140838623
107.15651512145996
150.09331703186035
7912.5049114227295
35.56513786315918
72.41368293762207
69.34833526611328
62448.08268547058
413.99621963500977
29950.184106826782
21.917104721069336
34.00564193725586
213.9606475830078
46.03934288024902
71.29430770874023
202.20398902893066
889.2107009887695
38.82789611816406
36.276817321777344
48.048973083496094
222.93972969055176
22.54319190979004
173.19154739379883
22.252321243286133
24048.208236694336
38.79141807556152
56.42056465148926
45.20988464355469
94.49148178100586
34.36136245727539
97.60022163391113
106.78553581237793
210.36720275878906
26.411771774291992
23.363828659057617
17.368793487548828
218.95313262939453
200.28948783874512
178.26032638549805
152.92716026306152
138.77058029174805
5230.269193649292
227.0984649658203
58.61186981201172
20.31564712524414
97.23234176635742
15445.155143737793
407.96899795532227
34.91330146789551
170.79401016235352
257.73072242736816
29.37769889831543
90.60406684875488
214198.01354408264
240453.98950576782
97518.90516281128
162266.01576805115
20.143985748291016
237.20669746398926
39.57009315490723
47.388553619384766
160.90941429138184
13849.562883377075
26.501178741455078
41.84317588806152
213.64974975585938
110.79716682434082
16.181230545043945
157.26804733276367
76.23696327209473
146.59762382507324
63.12131881713867
2540.712594985962
1988.4114265441895
270.65491676330566
605875.9751319885
1493.63112449646
79292.97161102295
331743.70217323303
25988.954782485962
36.47589683532715
29.162883758544922
36773.20408821106
101.00579261779785
153.1078815460205
24.40953254699707
38.561344146728516
19460.951566696167
42.204856872558594
105057.56545066833
358.814001083374
131.8364143371582
447.8006362915039
995.3691959381104
127.60758399963379
274.23548698425293
49940.62781333923
58708.20355415344
28.14459800720215
43.57481002807617
303.38358879089355
32.88865089416504
247.2836971282959
209.23829078674316
917.1602725982666
105.60250282287598
300.8604049682617
31.884193420410156
1215.602159500122
38.7425422668457
2279.261827468872
97.93615341186523
1143.8438892364502
47903.061866760254
50.797224044799805
66.53189659118652
101.68337821960449
236.53578758239746
1290.2569770812988
59.572458267211914
23.406505584716797
65.92941284179688
708.0409526824951
45.50528526306152
28.38134765625
478.40404510498047
51.88465118408203
64.97359275817871
45.510053634643555
59.333086013793945
63.536882400512695
26.00860595703125
43924.18813705444
241.62745475769043
546.6623306274414
65.59896469116211
471.59576416015625
303859.29679870605
421.79131507873535
19.724607467651367
90.28935432434082
207.5049877166748
360.2142333984375
42.31977462768555
115.8294677734375
40.647029876708984
5041.137218475342
23.148298263549805
76.71642303466797
200.77061653137207
101.74965858459473
92.96655654907227
91.06636047363281
30.071258544921875
81.2215805053711
1228.9843559265137
1745.7609176635742
3011.7743015289307
4098.785877227783
68.32361221313477
27549.525022506714
36.026716232299805
57.03377723693848
9185.412645339966
74.75519180297852
78466.18700027466
112.3957633972168
89.48254585266113
3977.31614112854
125.59032440185547
202.1353244781494
229.72631454467773
58.092594146728516
99.64632987976074
141.2203311920166
207.25727081298828
345.2768325805664
43.43843460083008
49.39603805541992
53.41339111328125
44.42882537841797
174.47137832641602
66.02072715759277
22.723674774169922
94.3758487701416
1588.8316631317139
44.64364051818848
44.378042221069336
117.93184280395508
158.91289710998535
74.46885108947754
38.34819793701172
51.666975021362305
3726.7398834228516
839695.5316066742
1489.8960590362549
90.14725685119629
349.18212890625
667.8454875946045
76.4780044555664
102974.45464134216
133.92066955566406
25.226593017578125
57.93571472167969
195.94454765319824
356.0595512390137
31.123876571655273
34604.7728061676
96.24743461608887
2013.157606124878
12.284994125366211
169.74282264709473
23.114681243896484
56.97369575500488
364.6681308746338
1956.5966129302979
782.1142673492432
104.65693473815918
67.79623031616211
96.77672386169434
878.5037994384766
27.964353561401367
24.3070125579834
131.70242309570312
66.17879867553711
28.693437576293945
56.7169189453125
76.27010345458984
5720.153331756592
16.111373901367188
246.6442584991455
87.77236938476562
18.4481143951416
47.69444465637207
76266.45350456238
37.53328323364258
224.29156303405762
149.5523452758789
23.756980895996094
182.0528507232666
5601.442813873291
6844.148635864258
79.8039436340332
84.40351486206055
69.04125213623047
428.45821380615234
20.881175994873047
540.9669876098633
20571.717739105225
43.578386306762695
121.3381290435791
272.69816398620605
14127.163648605347
1881.3140392303467
27529.022932052612
72.20864295959473
96.50468826293945
861.3748550415039
211.34543418884277
221.85659408569336
69.38982009887695
23.822307586669922
86.59172058105469
19704.103231430054
303.3909797668457
47.43027687072754
140.93661308288574
9899.20687675476
47.411441802978516
1058.8526725769043
772.1776962280273
763.7672424316406
39.44516181945801
1768.2788372039795
803.6854267120361
120.40853500366211
95.21007537841797
661318.5975551605
98.80256652832031
46.60177230834961
26.750802993774414
111.33837699890137
141.69788360595703
144.18506622314453
73.2109546661377
1238.0506992340088
13313.088178634644
47.73592948913574
30.44295310974121
1990.6032085418701
95.89099884033203
642.2960758209229
1264.3215656280518
60.29248237609863
73.62031936645508
95.61467170715332
74.56445693969727
569.2815780639648
15.925884246826172
8888.009786605835
136.47913932800293
23.35381507873535
57.40714073181152
105.25894165039062
36.32378578186035
962.7654552459717
32579.948663711548
85.78181266784668
32.0587158203125
27.14824676513672
14440.497398376465
27.080774307250977
40.29083251953125
118.29829216003418
73.94790649414062
160.5079174041748
628.5982131958008
763.1659507751465
29.097795486450195
82.27968215942383
116.86873435974121
417.5446033477783
228.79409790039062
1592.9005146026611
59.351444244384766
33.59508514404297
2104.8052310943604
98261.23785972595
87.6455307006836
22026.81612968445
53563.62080574036
746.2379932403564
159.98387336730957
96.5726375579834
855.3719520568848
22.71890640258789
42.49858856201172
241.37091636657715
78.86433601379395
111.71650886535645
2082.9474925994873
35.38203239440918
12945.4824924469
29.0834903717041
26.772499084472656
28.0759334564209
235.03732681274414
23.820161819458008
37.66274452209473
78.58037948608398
22.007465362548828
111.41443252563477
99.56812858581543
2692.293167114258
6353.98268699646
122.50399589538574
36.78607940673828
27317.36969947815
37.36281394958496
76.36404037475586
85.845947265625
380.6874752044678
660.8014106750488
309.72743034362793
666.3975715637207
111.5560531616211
77.45361328125
8880.825519561768
20.518064498901367
28.935670852661133
439.3339157104492
79.06413078308105
36.7887020111084
40.52472114562988
133.27980041503906
169.60477828979492
121101.21703147888
49.81088638305664
64871.20699882507
27.93145179748535
48.97332191467285
97.42951393127441
104.57921028137207
1051.4278411865234
98188.72380256653
40.51542282104492
533.541202545166
66.98322296142578
245744.0824508667
127.9604434967041
23.302316665649414
209.72442626953125
37.33062744140625
22.91083335876465
110109.01308059692
75.92010498046875
237.17403411865234
52.34265327453613
58.46905708312988
26.498079299926758
61.12027168273926
4459.703207015991
46.49710655212402
37.36257553100586
73.01712036132812
1041.2561893463135
52.941083908081055
2261.6219520568848
23.454666137695312
244362.26439476013
989.0203475952148
119098.61087799072
122.70212173461914
30530.696630477905
45909.520864486694
30.88855743408203
35.8891487121582
10608.749389648438
99806.06269836426
42.52314567565918
15.334129333496094
816.1609172821045
57.31964111328125
38.065433502197266
286.26179695129395
95.70097923278809
27.340173721313477
73.09150695800781
162.66989707946777
106.03857040405273
20.01023292541504
526.6547203063965
1049.9889850616455
29.25848960876465
3263.009548187256
336.43150329589844
36.19050979614258
50.132036209106445
1830.615758895874
14226.82499885559
24636.45601272583
410771.0540294647
37762.40658760071
392900.30789375305
66.61415100097656
542.8891181945801
265.0182247161865
36.92364692687988
51.68485641479492
97.19538688659668
36.7274284362793
146.3172435760498
36.3612174987793
757.7953338623047
33.78152847290039
1934.4356060028076
295.93777656555176
131.26778602600098
67.33942031860352
6231.934309005737
524.8825550079346
76.9648551940918
128.89909744262695
66.59746170043945
1830.0163745880127
6906.371116638184
74.19013977050781
114.53533172607422
142.3954963684082
60.04619598388672
347.93710708618164
89.67280387878418
159.89446640014648
2779.188394546509
218.14608573913574
196.5022087097168
32.91893005371094
40.67873954772949
313.3985996246338
33.87808799743652
119.6134090423584
111.99235916137695
1874.8834133148193
303.19833755493164
34.55805778503418
47.78456687927246
384.61923599243164
109.68947410583496
1536.4165306091309
795.4635620117188
181.9906234741211
36.347389221191406
37872.464418411255
115.55099487304688
462.43929862976074
88.79852294921875
24.678468704223633
363.22736740112305
21.542072296142578
97.92137145996094
398.32448959350586
2146.944284439087
59.65161323547363
144.73915100097656
293.3390140533447
41.98479652404785
1570.5153942108154
36.84735298156738
38.77615928649902
120.43333053588867
151.31044387817383
343.142032623291
24.616479873657227
43.18094253540039
76.97916030883789
1329.3015956878662
28.58877182006836
110.14032363891602
347.1801280975342
123.92973899841309
40.2226448059082
2798.344850540161
91.8416976928711
2806.356191635132
95.72935104370117
49.68428611755371
56.68067932128906
98.79612922668457
125.08392333984375
6321.909666061401
73.54569435119629
28.636455535888672
38.53726387023926
685914.4320487976
26.409626007080078
2969.5584774017334
141.25466346740723
40.174007415771484
47.38759994506836
21.53944969177246
157.30643272399902
162.43600845336914
38.62810134887695
8784.73973274231
27.352571487426758
298.0172634124756
100514.2080783844
128.50117683410645
13.593435287475586
283.39457511901855
23.731708526611328
66032.71245956421
1029.2556285858154
133.35084915161133
211.6568088531494
215.41929244995117
173.13003540039062
2804.1794300079346
96.53639793395996
16598.70672225952
61.066627502441406
84.07235145568848
67.66343116760254
31.076669692993164
61.795711517333984
30.5941104888916
52.07657814025879
62.53933906555176
136.45386695861816
170.70436477661133
80.3370475769043
449.3443965911865
41.82863235473633
92.25893020629883
27.577638626098633
47.821998596191406
19.479990005493164
134.80830192565918
81.71606063842773
346.5604782104492
17000.789880752563
311.4805221557617
313714.76912498474
543.4722900390625
530.8952331542969
7957.226276397705
161.84043884277344
206.3581943511963
27.64606475830078
27.65345573425293
319.42129135131836
57.48701095581055
116.70398712158203
2871.9825744628906
32.958269119262695
6357.159852981567
49.68667030334473
181.99706077575684
1611.7284297943115
1526.7198085784912
2360.414505004883
42.305946350097656
21159.200191497803
978.9001941680908
282.47737884521484
2480.710029602051
59.10062789916992
149.32632446289062
10308.53796005249
130.67984580993652
19.34647560119629
5084.398984909058
125.14710426330566
29.23727035522461
72.16525077819824
61.80262565612793
78.66787910461426
253.62038612365723
84.34629440307617
132.69400596618652
155.42936325073242
18161.311149597168
101.75609588623047
160.29620170593262
15707.923173904419
1358.8588237762451
4178.61008644104
357.2554588317871
22813.11321258545
160890.94185829163
39.45779800415039
17526.7071723938
22.04298973083496
86.23671531677246
87.14437484741211
189.6498203277588
28.105497360229492
24.860382080078125
104.83908653259277
140.10119438171387
69.7472095489502
38.09046745300293
118.92580986022949
196.32959365844727
975.1777648925781
152.74977684020996
80.963134765625
209.81860160827637
35.31169891357422
50.89163780212402
243.59750747680664
113.55161666870117
325.2890110015869
44.57974433898926
28.795480728149414
468.3880805969238
61.97619438171387
745.6166744232178
2443.2923793792725
162.31322288513184
33.63347053527832
41.49937629699707
30.96604347229004
66.06769561767578
2597.931385040283
8485.431671142578
18389.55569267273
143.27049255371094
23829.145669937134
55.9232234954834
33.048152923583984
117.26212501525879
195.41168212890625
33.30659866333008
60.62817573547363
80.17778396606445
28.70917320251465
3375.412940979004
41.98002815246582
130.54466247558594
23.617982864379883
47.09124565124512
21.386146545410156
623405.6868553162
90.42215347290039
7693.130970001221
174.7913360595703
78.43708992004395
34.003496170043945
3927.762508392334
45.46785354614258
68939.5637512207
19.69766616821289
566.3704872131348
689.1214847564697
30.416011810302734
33091.402530670166
82.69453048706055
37.04214096069336
48205.849170684814
205.6736946105957
111.44781112670898
68.85695457458496
32.996177673339844
72.28922843933105
51.46431922912598
25357.460021972656
379.4713020324707
5738.451957702637
240.1890754699707
21.984100341796875
19694.93794441223
48369.460344314575
37.17398643493652
542.9685115814209
4455.604553222656
156.6486358642578
170.52149772644043
40.55166244506836
60.918569564819336
42.0231819152832
35.52579879760742
5180.161476135254
89.3855094909668
89.75529670715332
56.75697326660156
1742.5014972686768
358.3822250366211
85.87408065795898
11158.268690109253
648.3325958251953
5264.39642906189
9838.222980499268
96.97508811950684
51.69415473937988
27.85801887512207
226.71246528625488
82.81326293945312
101.7308235168457
68.11118125915527
1599.2374420166016
134.63997840881348
21.3162899017334
32.25398063659668
87.32032775878906
2179.90779876709
80.65915107727051
68.00055503845215
29.361248016357422
70.80316543579102
37.12105751037598
135.33329963684082
55.82547187805176
111.0227108001709
63.298702239990234
54.84938621520996
144.06371116638184
6962.9247188568115
54.526567459106445
36354.95686531067
20.11394500732422
22.588729858398438
34.58905220031738
179.30340766906738
1946.636438369751
27.734756469726562
220.6892967224121
1141.2487030029297
112.05077171325684
53846.62103652954
112.3201847076416
118.75796318054199
81.62593841552734
82.82303810119629
172.08337783813477
464.9815559387207
68.80879402160645
21.970033645629883
12971.091985702515
175.12965202331543
67471.39692306519
21.92234992980957
12.404203414916992
52.83474922180176
23.4682559967041
89.71476554870605
121.1400032043457
36137.20083236694
16182.601928710938
43.656349182128906
243.61228942871094
25.524139404296875
880.4666996002197
558556.4815998077
6385.622024536133
67.95811653137207
27.770280838012695
749.720573425293
69.85616683959961
202.79669761657715
72.54815101623535
10100.47197341919
161003.3221244812
283424.8106479645
230.76987266540527
34.84058380126953
372.15280532836914
5937.2398853302
28.70655059814453
9167.611360549927
383849.10678863525
32852.74124145508
86.43913269042969
131.5011978149414
835877.8960704803
30.651569366455078
558238.6491298676
36.870718002319336
39.003849029541016
269.5639133453369
84.84268188476562
25.895118713378906
159.70349311828613
76.64227485656738
4988.313913345337
920.4254150390625
424.9997138977051
144.5012092590332
24.9478816986084
2442.4383640289307
1476.8199920654297
26.587247848510742
33.33902359008789
411.20338439941406
265.0620937347412
31.208276748657227
16.714096069335938
50533.735036849976
125.79631805419922
23.986339569091797
470.5219268798828
32056.54764175415
115.41152000427246
21.38519287109375
33.026695251464844
45.81952095031738
209311.03038787842
3244.3759441375732
85.64066886901855
131.4413547515869
142.55881309509277
1581.2363624572754
482.2361469268799
9039.025068283081
898.7536430358887
34.043312072753906
592044.5141792297
17.433881759643555
1966.8633937835693
61.293601989746094
40.961265563964844
57.114362716674805
5079.546689987183
156.21256828308105
165.58432579040527
1895.1618671417236
526.148796081543
139.83726501464844
49.24750328063965
278.20849418640137
30.8377742767334
61.18488311767578
39.15095329284668
35.25972366333008
340.9991264343262
48.9497184753418
53.78842353820801
132.1122646331787
127.69150733947754
39.51525688171387
93.7509536743164
50.02117156982422
26.49378776550293
30.574798583984375
49.12853240966797
97.63121604919434
41073.34399223328
29.44660186767578
173.82287979125977
38.74063491821289
32.17267990112305
114.76778984069824
51.276445388793945
22.954225540161133
67.67439842224121
79.48803901672363
224.51257705688477
12610.838174819946
87.45527267456055
66.4525032043457
46302.4480342865
75.31380653381348
57.70087242126465
26.16143226623535
8402.90379524231
38.78593444824219
205398.58675003052
717.2868251800537
80.25717735290527
2136.9450092315674
37605.926513671875
24774.9502658844
35.2482795715332
85.01505851745605
69968.29867362976
527.8081893920898
65444.24796104431
107.75041580200195
99.39742088317871
76.81012153625488
11336.910963058472
28.4731388092041
107.8944206237793
55.79781532287598
80920.93443870544
212.75043487548828
35.138845443725586
63.291072845458984
91.84646606445312
22.391796112060547
1938.8840198516846
873.110294342041
2107.0477962493896
5644.778728485107
234.04812812805176
842.0147895812988
101.37820243835449
123.63982200622559
32.37318992614746
74.29814338684082
71.97713851928711
14571.739435195923
16125.621795654297
50.53138732910156
14557.963371276855
88.32931518554688
975.1689434051514
38770.95675468445
282.90462493896484
39.87240791320801
20.684480667114258
20873.570203781128
62.24179267883301
1058.100700378418
38.846492767333984
130.98764419555664
237.87355422973633
840.3644561767578
184.6640110015869
19.81520652770996
30.721426010131836
65.71459770202637
38.110971450805664
37909.88874435425
77.79335975646973
291456.79092407227
49.619197845458984
29.785871505737305
53.598880767822266
82.30996131896973
283.768892288208
755954.7367095947
245.33915519714355
27.878999710083008
678.8864135742188
218.35756301879883
34.555912017822266
43421.47445678711
21.22664451599121
96.84038162231445
97.32580184936523
14541.19324684143
33.844709396362305
266.9093608856201
141.83878898620605
85.05582809448242
25.34961700439453
17266.937971115112
91.71319007873535
12.091398239135742
23.666858673095703
371.08564376831055
119.7211742401123
30.789613723754883
27097.76282310486
119.25292015075684
59.24391746520996
818.7692165374756
401.89504623413086
431.0617446899414
20.28059959411621
5493.618011474609
17702.269077301025
49.11637306213379
104.25662994384766
43.98393630981445
231.4319610595703
36.41486167907715
60.047149658203125
33.3404541015625
1777.2948741912842
83.01901817321777
32.60016441345215
66.53094291687012
84.2580795288086
173.51865768432617
5516.446352005005
24.438142776489258
34.531354904174805
10286.121368408203
49.63564872741699
63.9653205871582
125.88000297546387
40.34280776977539
29.633760452270508
93949.72705841064
28.92756462097168
2808.505058288574
10503.770589828491
232.17415809631348
86.89141273498535
34069.62490081787
154.84213829040527
75.81305503845215
337.3880386352539
311150.87842941284
475.60644149780273
32.13143348693848
266.5848731994629
38.703203201293945
77.90780067443848
681.7045211791992
24.236679077148438
445.83582878112793
345.57080268859863
41.69130325317383
10452.296733856201
28.26523780822754
1398.2129096984863
23.272275924682617
359.0967655181885
44.73423957824707
41.66603088378906
2113.5611534118652
33.37740898132324
72.91555404663086
30.41243553161621
31.389236450195312
1005.6002140045166
503.71289253234863
1398.9827632904053
107.94258117675781
91.0336971282959
25.516033172607422
32.90510177612305
271.5740203857422
85.3571891784668
90.73209762573242
70.34897804260254
108.10995101928711
146.867036819458
27697.895288467407
64.7268295288086
46.17452621459961
31.136751174926758
26.088237762451172
260.9121799468994
34.847259521484375
10919.368743896484
62.45589256286621
18.686771392822266
28.95355224609375
361772.766828537
38.00368309020996
40.163516998291016
69.03243064880371
46.28276824951172
78.7210464477539
16428.033590316772
1494.2684173583984
22.140026092529297
1061.1662864685059
12.537956237792969
58.046817779541016
28.90491485595703
47.19829559326172
21.262407302856445
60.58239936828613
167.1581268310547
242.26117134094238
42.0527458190918
65.06776809692383
2415.473699569702
340.78335762023926
19.936323165893555
141.82329177856445
1634.5560550689697
13.889312744140625
2696.682929992676
110.19134521484375
36.18168830871582
1995.1658248901367
30.939817428588867
450.9134292602539
42.73486137390137
50.435543060302734
71.72679901123047
365.22626876831055
175.04405975341797
60765.80190658569
51.67341232299805
27479.231357574463
11063.21406364441
48.874855041503906
84.72442626953125
66.72310829162598
53.995370864868164
75.18124580383301
46.669960021972656
64633.742332458496
291.3229465484619
65.20700454711914
43.29800605773926
734.9092960357666
99.03287887573242
13044.574499130249
121.51288986206055
25.48050880432129
68.42327117919922
24.580717086791992
53.899526596069336
815.4733180999756
23.71668815612793
194.88811492919922
1603.0850410461426
31.01491928100586
16.05224609375
240.067720413208
88.7610912322998
139.5277976989746
152.32276916503906
160.40945053100586
62995.37539482117
104184.62133407593
562.9115104675293
365.7231330871582
11531.44359588623
606.0760021209717
42.87362098693848
54.42333221435547
61.99932098388672
63.85684013366699
24.61981773376465
71.65908813476562
78.13167572021484
433.3639144897461
727.609395980835
145.70331573486328
32.6085090637207
85.19577980041504
54.14414405822754
98.2358455657959
33934.14926528931
22.700786590576172
125.12373924255371
33.06913375854492
74.6912956237793
47.26862907409668
25.68531036376953
36.66830062866211
10940.975904464722
180555.04941940308
15657.63258934021
31.653881072998047
2963.786840438843
215.35944938659668
95.8554744720459
210.44635772705078
106.98056221008301
168.27154159545898
183.9897632598877
270.7059383392334
316.30611419677734
139.41216468811035
44699.583768844604
361413.4933948517
261.7194652557373
52.38819122314453
487.750768661499
35.95471382141113
57.32607841491699
4360.8715534210205
48.372745513916016
145.60675621032715
157.2895050048828
725.278377532959
25.206327438354492
99.38955307006836
1456.4390182495117
103920.14908790588
295.1967716217041
64.56708908081055
34808.32505226135
272.7830410003662
53.591251373291016
139.13202285766602
163.10906410217285
41.391611099243164
151.01909637451172
226.46617889404297
108.7806224822998
65.56010246276855
470963.55867385864
77.33273506164551
29.803037643432617
201.7655372619629
1316.4739608764648
72.17192649841309
62.600135803222656
69.08798217773438
99197.25203514099
5424.452066421509
241.0755157470703
167.17004776000977
186.08498573303223
114118.12615394592
61.2030029296875
26.69048309326172
102.23650932312012
38.518428802490234
332.6585292816162
1635.0462436676025
26.910066604614258
10.530710220336914
681.1633110046387
47560.90474128723
223.47593307495117
356.6141128540039
20.60675621032715
70.38021087646484
59.42034721374512
65.25254249572754
26.147127151489258
102.88858413696289
65.16861915588379
61.55681610107422
1012.6068592071533
214.56599235534668
43.2436466217041
40.5275821685791
86.85517311096191
54.49342727661133
4636.509418487549
311.8934631347656
61.707258224487305
62.34598159790039
42.00315475463867
106.73308372497559
1800.7581233978271
35.19940376281738
161.83924674987793
8832.50880241394
1519.2604064941406
274.1813659667969
77.52633094787598
1206.4893245697021
145.1559066772461
6746.558904647827
29.69503402709961
18.52107048034668
25.38752555847168
36.49783134460449
49.407243728637695
47.4390983581543
117.02585220336914
222.5186824798584
316.89977645874023
246.99807167053223
2405.695676803589
68.74561309814453
21523.27275276184
76.32851600646973
22.59540557861328
22.53866195678711
100.71182250976562
73.95124435424805
93.55783462524414
100.86441040039062
210.2065086364746
4872.412919998169
13691.526174545288
1943.5486793518066
11423.876762390137
39.96014595031738
54.566144943237305
49.12853240966797
66.46537780761719
625.3628730773926
312.83020973205566
122.22480773925781
23.679018020629883
63.31515312194824
152977.94795036316
439.40043449401855
10272.496938705444
31.007051467895508
947.8027820587158
108.8724136352539
9277.254581451416
42.94776916503906
70.24788856506348
157.7744483947754
50.493478775024414
41.582345962524414
77.60024070739746
17.92740821838379
404.543399810791
2250.019073486328
300.0226020812988
143.7058448791504
2350.6431579589844
171.44036293029785
805.2878379821777
2152.3900032043457
97.16677665710449
4193.816661834717
25.229692459106445
133.94474983215332
491935.5561733246
42.00887680053711
435263.68737220764
54649.86348152161
51.81479454040527
65.25444984436035
1313.732385635376
232.40017890930176
781.5492153167725
107.82361030578613
28.099775314331055
156.1262607574463
246.2632656097412
2730.897903442383
56.4117431640625
73.22287559509277
30.081510543823242
215.3773307800293
16.160964965820312
5593.156576156616
83.54806900024414
25.989294052124023
29.95133399963379
111.13619804382324
2764.4670009613037
95.89171409606934
174.55005645751953
35.93754768371582
1578.321933746338
40.50016403198242
34.49082374572754
49.710988998413086
29.369592666625977
38.689613342285156
2405.9314727783203
28.908967971801758
31.765460968017578
27.428388595581055
104.23398017883301
3207.998514175415
126.62005424499512
44.381141662597656
304.187536239624
81169.67177391052
62.98351287841797
83.0686092376709
84.53607559204102
43173.0477809906
1618.4372901916504
79.60224151611328
1043.8222885131836
35145.99704742432
60.49370765686035
85.09349822998047
117.95330047607422
163.39850425720215
126.2516975402832
105.72481155395508
47.58882522583008
75.29163360595703
48366.4608001709
128944.18978691101
77.00324058532715
83.64558219909668
203.35769653320312
59.27467346191406
41.76735877990723
215.5776023864746
156619.68231201172
89.75625038146973
240.20814895629883
426302.8929233551
72.57795333862305
33.37669372558594
430.4518699645996
58.30264091491699
37.262916564941406
59.43655967712402
91.73941612243652
119562.23344802856
49.30996894836426
65.35506248474121
41.74685478210449
342.6222801208496
108.88957977294922
27183.008193969727
95.31068801879883
20.111560821533203
115.71025848388672
66.86854362487793
20.105361938476562
60.33921241760254
77.90112495422363
38.84458541870117
50.37045478820801
121.97113037109375
15094.988107681274
12.317895889282227
31.254053115844727
240.3419017791748
119.42386627197266
294.65508460998535
368.85976791381836
2821.187973022461
63.660621643066406
60.292959213256836
62.74580955505371
105.13114929199219
47.44839668273926
478.0843257904053
136.7170810699463
226.82905197143555
32842.8430557251
31.48937225341797
273.4255790710449
89.2176628112793
45.33720016479492
578.8216590881348
10554.77523803711
254.1944980621338
354723.0067253113
1673.8975048065186
1720.4301357269287
49.575090408325195
23.690462112426758
33.63847732543945
3805.9725761413574
5892.258405685425
619.8818683624268
80.2164077758789
54.331064224243164
77.17514038085938
480.9412956237793
234.67326164245605
154.70290184020996
38.83624076843262
23.50306510925293
61.29646301269531
150.30932426452637
181.9899082183838
160.7687473297119
31.04114532470703
582732.8147888184
83.79888534545898
169.50416564941406
257.1837902069092
147048.13075065613
19476.197242736816
1290.0562286376953
29.773235321044922
32.71007537841797
15.793561935424805
44.762372970581055
893.1210041046143
79.2379379272461
47.97530174255371
37.26696968078613
35.456180572509766
94.95186805725098
797.0132827758789
114.27736282348633
83.08672904968262
225.58927536010742
21367.29145050049
41.559696197509766
1827.0635604858398
364.1972541809082
26.351213455200195
67.61741638183594
70.27506828308105
6352.707147598267
28.719425201416016
89.37406539916992
35.154104232788086
37.192344665527344
109.04073715209961
61.13696098327637
411.2088680267334
75.52242279052734
280.9104919433594
45.93300819396973
24212.494611740112
274.42407608032227
101.24325752258301
26288.467407226562
1745.133399963379
95.44086456298828
211.11345291137695
91.58110618591309
130.77878952026367
26.533842086791992
541.1012172698975
138455.24549484253
31.25476837158203
397.54629135131836
206.8922519683838
318.63927841186523
121.51050567626953
529.9582481384277
74.21755790710449
3847.7230072021484
30.87925910949707
87.31722831726074
119.8263168334961
28.678417205810547
74.6009349822998
54.43525314331055
459363.8918399811
67.99626350402832
174.49402809143066
35.8278751373291
16181.904077529907
49.26753044128418
1276.6451835632324
55.66215515136719
33.56599807739258
84.63263511657715
84.2583179473877
48.9804744720459
96.99797630310059
31.655550003051758
7455.629825592041
594.9180126190186
3247.1725940704346
60.123443603515625
667.1125888824463
89.68305587768555
240.32855033874512
52.0172119140625
69.52571868896484
46.58174514770508
133.43286514282227
404.3910503387451
40.73834419250488
44.66748237609863
74.13768768310547
19866.318464279175
231.53448104858398
206.85768127441406
3103.20782661438
109.12609100341797
311.2750053405762
7803.049325942993
103.67131233215332
864.4919395446777
303.7550449371338
209.40780639648438
359.6844673156738
132.2500705718994
7688.249349594116
926.5410900115967
115.20171165466309
234.35330390930176
127.53081321716309
152.66036987304688
67.78097152709961
61.26236915588379
183.72440338134766
45.885324478149414
257.2643756866455
209.64813232421875
430.4847717285156
106.20570182800293
70.35040855407715
43.070316314697266
26.6263484954834
85.62564849853516
114.44711685180664
25.966405868530273
50.360679626464844
71.74253463745117
24.366140365600586
1725.1121997833252
249.64451789855957
146.11387252807617
151.5648365020752
127.69651412963867
184897.13382720947
77.47316360473633
122.88522720336914
24.933576583862305
388135.20765304565
73.1966495513916
56053.01928520203
710.761547088623
21.605253219604492
21.6825008392334
24.390220642089844
186.0060691833496
9376.445531845093
25.202274322509766
44.92449760437012
95.05343437194824
87814.10598754883
55.93729019165039
1497.443675994873
852.6339530944824
568.760871887207
9.590387344360352
96.09270095825195
206.46929740905762
74.28264617919922
2210.413932800293
267.1482563018799
55.6032657623291
167.61374473571777
380419.9092388153
19551.1691570282
727.3960113525391
1949.3536949157715
15.020370483398438
39.3986701965332
70.75333595275879
609.9557876586914
31.104087829589844
504.3826103210449
168.98655891418457
86.46535873413086
3265.2363777160645
37.1859073638916
47.47438430786133
175.8272647857666
358.5999011993408
33.148765563964844
117.68698692321777
28.261423110961914
142.37236976623535
499.23229217529297
29.57606315612793
106.20236396789551
179.901123046875
26.72576904296875
7003.432512283325
5103.396415710449
286.1793041229248
120.08309364318848
44.664859771728516
35.987138748168945
318.68958473205566
28.55372428894043
745.0909614562988
218.57571601867676
146.91591262817383
37.348031997680664
301.3598918914795
209.15985107421875
1461.4958763122559
26.769399642944336
15655.31039237976
55905.68780899048
109.24267768859863
225.067138671875
75.64926147460938
20.807743072509766
599.2171764373779
1573.6699104309082
112.11705207824707
201.5666961669922
96294.46363449097
84.8691463470459
4330.772399902344
30.85017204284668
57.79075622558594
1630.9330463409424
66.63775444030762
34.922122955322266
17.40574836730957
181.70928955078125
1859.3060970306396
136.13080978393555
33.89286994934082
79.1935920715332
26.807785034179688
47.80745506286621
124.2671012878418
4202.522754669189
24.7499942779541
23144.20461654663
87.47267723083496
21.738290786743164
120.39041519165039
11974.505424499512
87.63885498046875
8341.63784980774
20.554065704345703
61.24734878540039
227.68163681030273
13487.970113754272
48.245906829833984
2227.658271789551
307.8322410583496
55.356502532958984
10.299444198608398
100.28409957885742
408.642053604126
45.22204399108887
96.3900089263916
56.95486068725586
22.056102752685547
2731.501579284668
78.73368263244629
178.87473106384277
141.4487361907959
82.73720741271973
55.42159080505371
42.113304138183594
512.5994682312012
6480.632543563843
25.716304779052734
82.1523666381836
68.74728202819824
23.620128631591797
103.57403755187988
84.23686027526855
120.24688720703125
24.63078498840332
51.24950408935547
92.25678443908691
104.86984252929688
261.66510581970215
77.96812057495117
6527.884960174561
286.85569763183594
50.925493240356445
14.407634735107422
31.368255615234375
21.552562713623047
8020.974397659302
37.14132308959961
44.241905212402344
736.457109451294
108.35146903991699
31.369686126708984
622.5075721740723
75.67572593688965
30076.60174369812
38.47169876098633
56.70905113220215
45.86672782897949
24.98769760131836
365.5722141265869
70.31512260437012
35.65859794616699
25533.14471244812
30.771970748901367
35.558223724365234
220.3836441040039
83.30702781677246
42.81926155090332
43.16520690917969
28.750181198120117
39.99662399291992
46.18239402770996
51310.30035018921
308.3953857421875
1866.3313388824463
304.1815757751465
54.00824546813965
538.3689403533936
208.14895629882812
7987.239122390747
185.83035469055176
107.2092056274414
87.55922317504883
35.99214553833008
156.50463104248047
42824.033975601196
13030.178785324097
548.7678050994873
23942.45719909668
94.78068351745605
313.2162094116211
33.44106674194336
23.48041534423828
145.4164981842041
64.2082691192627
293.0941581726074
50.3695011138916
630.2204132080078
108.49547386169434
43.680429458618164
38.8336181640625
89.63465690612793
133.35061073303223
118.15357208251953
111358.42800140381
6523.836612701416
1131.2611103057861
169.54874992370605
152.10914611816406
80067.24524497986
106.36711120605469
192.7340030670166
90.21568298339844
133.63885879516602
89.73288536071777
79.78248596191406
57.83390998840332
30300.666570663452
5906.9671630859375
58.161258697509766
36.188602447509766
71491.26315116882
70.02639770507812
21.74544334411621
255.265474319458
70.39380073547363
69.17572021484375
152.47797966003418
109.7097396850586
273.21577072143555
35.958290100097656
112.39290237426758
41.11886024475098
6525.471210479736
48.767805099487305
2602.6721000671387
46.63848876953125
700.1447677612305
38.98739814758301
36.80109977722168
149232.53107070923
75.09040832519531
83.73641967773438
493.1607246398926
498.6100196838379
65.30547142028809
32.5772762298584
570.049524307251
42.36912727355957
49.600839614868164
41.9921875
102.32019424438477
19187.435388565063
123.93474578857422
1937.729835510254
175.14681816101074
72.58725166320801
63.85946273803711
194.85187530517578
5603.057861328125
90.26002883911133
180.1609992980957
27.843236923217773
53.580284118652344
40.15851020812988
28867.854118347168
162.7650260925293
29.352188110351562
36.269187927246094
26.104211807250977
45.35198211669922
501554.21471595764
109.90643501281738
242.63930320739746
19710.960149765015
32930.6845664978
159.43336486816406
41.31507873535156
716.0623073577881
2258.5930824279785
80.2607536315918
70.30868530273438
862.3983860015869
3142.2109603881836
266.51692390441895
242.80810356140137
15726.096630096436
32.86623954772949
19358.296394348145
7174.171209335327
79.91433143615723
65.28830528259277
59.13591384887695
52.36458778381348
38.87343406677246
159.11269187927246
1954.8161029815674
38.17296028137207
64.35346603393555
88.01555633544922
178.6329746246338
30.562400817871094
257.86304473876953
205.24930953979492
61.60593032836914
42.05203056335449
320.3165531158447
68.66288185119629
217.04769134521484
16069.414377212524
103.15752029418945
45.11427879333496
61664.602518081665
11312.297344207764
35.38632392883301
99.54547882080078
2777.8162956237793
61.80214881896973
94.32506561279297
1297.600269317627
144.50883865356445
108.62064361572266
44.42405700683594
49.05962944030762
2472.541093826294
64.8653507232666
91.47787094116211
29.963254928588867
29.135465621948242
319.91052627563477
24.510622024536133
19875.970602035522
91.36271476745605
40.82608222961426
62.33096122741699
572.7713108062744
2281.939744949341
540.3861999511719
135.9727382659912
147225.1739501953
138.83066177368164
195376.75428390503
165.16733169555664
56.65993690490723
292.3758029937744
663793.4653759003
86.4112377166748
76.9038200378418
174.47257041931152
94.25234794616699
44.15249824523926
23108.089447021484
152.41479873657227
59.58437919616699
39.49332237243652
82.41772651672363
393.1105136871338
94.50125694274902
5319.143056869507
30.20501136779785
61.29050254821777
44.374942779541016
88.0887508392334
22161.338806152344
44.088125228881836
22.16315269470215
665931.004524231
35.05063056945801
69.35977935791016
1806.6048622131348
65.61636924743652
31.6619873046875
70.42407989501953
190.4895305633545
1555.2723407745361
101.14359855651855
168.55669021606445
60.231924057006836
2268.5458660125732
2045.6738471984863
53.81298065185547
169.8169708251953
98.82545471191406
62.91913986206055
44.73257064819336
110.15558242797852
39.794921875
303.1725883483887
93.42384338378906
55.87458610534668
62.51192092895508
49.07512664794922
14.735937118530273
58.81643295288086
1289.5026206970215
198.75049591064453
749.3627071380615
2836.4131450653076
22.235631942749023
152.32038497924805
109.18688774108887
3304.281711578369
32.854557037353516
81.66050910949707
271.4345455169678
6082.899570465088
87.2352123260498
469.7999954223633
24368.091583251953
445.33705711364746
2651.6101360321045
19.63639259338379
36.79299354553223
31.586408615112305
38.288116455078125
100899.86658096313
200.17004013061523
20.1566219329834
70.81365585327148
62.00599670410156
15.532255172729492
