14375.58
9806.81
22424.53
35137.49
14356.31
5644.99
7725.59
1558813.54
11056.22
181292.1
6799.43
6820.11
47231.49
3482621.75
5244491.06
8141.07
3624.43
18484.28
38087.68
17449.17
4274.38
11135.1
216874.08
257716.99
236918.59
923142.08
1367218858.73
85762348.65
9974.21
3401.17
4379.31
3281.32
2431.42
1803651.77
159963.42
20969.71
8878.12
4143.7
7484.44
3894.66
4842.96
9336.48
3132.51
107767.33
44632.19
8681.75
15931.55
6310.24
7019.75
34673.7
42081.91
27320.6
12237.14
8554.41
27031.32
20951.28
48911.05
44997.72
67722.39
950745.6
537364.05
15019.99
18966.54
23687.45
57581.45
1698834.57
1366440.21
685388.36
26635.97
140840.12
32072.34
31632.25
33714.57
34557.76
13381583.47
5134080.06
13177660.46
910888.87
18400.76
17356.14
58685.94
211005.03
22611.47
121034.98
21017.49
49311.86
17215.46
48068.69
9053.99
11135.1
13564.39
20840.03
85266.74
173379.52
3520878.96
78108097.34
2443633.08
44415538.99
6145.92
3738.71
23166.72
7818.57
46292.09
20445.81
11102.55
97339.3
10033.38
22170.89
