13.434666666666667
197.51966666666667
679.688
63.96200000000001
73.846
34.348666666666674
4.274
27.30666666666667
51.165333333333336
23.645
31.232333333333333
2443.8313333333335
90.18666666666667
59.671666666666674
23.688666666666666
2233.1276666666668
68.98
93.38566666666667
59.101333333333336
320.63166666666666
25.830000000000002
2474.757
55.79633333333333
30.770333333333337
151.45133333333334
34.913999999999994
2655.663
22.499666666666666
105.757
46.90133333333333
119.61166666666666
25.248666666666665
34.129
26.873
30.691333333333336
36.87366666666667
81.984
8616.837666666668
62.16733333333334
54.54066666666666
100.17200000000001
96.11833333333334
12.527666666666667
24.02433333333333
54.09133333333333
104.51733333333334
55.135333333333335
341.529
18.94033333333333
68.24
47.88766666666667
107.38600000000001
71.10933333333332
64.11633333333333
32.318999999999996
22.096000000000004
35824.477999999996
200.10066666666663
36.29533333333334
95.84533333333333
6.061666666666667
284.747
24.257
35809.468
2202.719333333333
87.42233333333333
35.86666666666667
78.60933333333332
98.90433333333333
12.379666666666667
67.745
33.153
93.73000000000002
2482.431
23.848000000000003
43.86766666666667
51.193999999999996
748.6016666666666
53.31066666666667
247.31566666666666
66.32566666666666
30.84233333333333
87.70033333333333
732.4646666666666
96.84333333333332
156.86266666666666
22.305666666666667
31.831333333333333
6816.2429999999995
90.23333333333333
53.26566666666667
27.715666666666664
52.897333333333336
68.276
193.03166666666667
211.61766666666665
52.077999999999996
52.044999999999995
2496.726
64.274
2739.405666666667
97.902
25.27933333333333
1.146
91.17133333333332
71.69866666666667
191.12699999999998
7.871666666666667
26.899
27.462333333333333
20.296
62.595
87.27466666666668
51.42033333333334
9652.637
36.70966666666667
9524.249333333333
1495.9669999999999
52.476
48.61333333333334
2551.5113333333334
24.686000000000003
39.85733333333334
38.65833333333333
50.794666666666664
11811.544333333331
608.4836666666666
35.268
48.53766666666667
58.507000000000005
86.07133333333333
55.89433333333333
108.57366666666667
35.419666666666664
3461.9616666666666
36812.907
111.73466666666667
83.33633333333331
716.6023333333333
78.30966666666666
157.8033333333333
20.63733333333333
86.40733333333333
49.80433333333334
554.6906666666667
23.584333333333333
82.91766666666668
11.94
26.189999999999998
49.21666666666667
157.646
44.665
52.406666666666666
151.95133333333334
65.12566666666667
210.74599999999998
125.69866666666667
73.83166666666666
58.288333333333334
46.894666666666666
199.287
188.66833333333332
515.4966666666667
220.821
87.241
332.5926666666667
49.50833333333333
66.38233333333334
185.515
271.694
16.644666666666666
170.85133333333332
139.486
319.187
4840.0
11.164
76.59633333333333
30.132666666666665
170.72766666666666
32.23066666666667
246.11333333333332
62.05033333333333
48.22133333333333
18.007
102.73533333333334
31.583
60.965666666666664
21243.636
69.93900000000001
8.786666666666667
203.74766666666667
95.93366666666667
4507.634999999999
94.64633333333332
5396.44
7.164000000000001
33.86233333333333
35497.57133333333
217.73866666666666
35.916666666666664
106.492
6.084
56.01433333333333
92.392
239.45133333333334
195.90033333333335
34.78
19.240333333333336
77.29933333333332
88.99266666666666
19.080666666666666
204.432
518.2466666666667
96.59466666666667
86.66000000000001
24.564333333333334
29.936333333333334
55.69766666666666
96.25066666666667
58.754333333333335
104.28699999999999
2427.7196666666664
743.0666666666666
62.29066666666666
45.343999999999994
2769.3950000000004
3539.387
58.93133333333333
29.133
82.99766666666666
100.55766666666666
266.6123333333333
16.19366666666667
687.9549999999999
41.260333333333335
60.665
21.61266666666667
37.535666666666664
105.47466666666666
38.303666666666665
39.17033333333333
234.139
3609.542
37.26466666666666
368.66966666666667
64.688
61.50333333333333
56.75
88.48266666666666
495.20233333333334
67.61566666666666
220.58133333333333
31.793666666666667
9.963999999999999
119.51366666666667
46.25633333333334
34.00233333333333
116.80866666666667
63.109
38.06166666666667
220.58566666666664
50.89133333333333
35.10166666666667
71.32099999999998
12.135333333333335
306.43833333333333
30.557333333333332
6505.03
24.299666666666667
38.73666666666667
41.79966666666667
246.14866666666668
33.928
33887.69033333333
33.559666666666665
36.935
10.045
98.34266666666667
67.07366666666667
1493.1306666666667
63.49533333333333
110.31433333333332
179.1786666666667
483.54266666666666
35.211999999999996
24.653666666666666
487.519
39.09766666666667
95.98833333333334
50.57399999999999
88.05166666666666
25.406333333333333
9687.486666666666
54.85166666666667
119.95033333333333
717.9996666666666
3427.9263333333333
106.08833333333332
43.50133333333334
67.31866666666667
138.16166666666666
184.76333333333332
2292.2933333333335
37.28333333333333
12003.081333333335
41.11633333333334
25.064333333333334
26.045333333333332
91.536
54.49366666666666
52108.587999999996
440.692
109.93266666666666
29.447
14.652333333333333
26.342666666666663
32822.18366666667
20.477999999999998
24.040999999999997
22.276333333333337
25.765666666666664
69.24566666666668
33.735
3.6823333333333337
489.2763333333333
93.69066666666667
25.183999999999997
33246.85533333333
20.673666666666666
2248.0066666666667
121.84400000000001
60.361
28.492666666666665
22.540666666666667
5991.522333333334
23.10766666666667
68.08333333333333
15.109666666666664
22.202333333333332
115.83233333333334
86.199
2360.094333333333
85.07466666666666
21.975666666666665
107.45233333333334
13.236666666666666
34.40566666666667
90.377
305.002
64.21933333333334
214.35800000000003
480.4873333333333
18.686999999999998
32.162
2149.2273333333333
3457.3103333333333
168.9486666666667
96.048
29.752333333333336
548.9936666666666
30.71666666666667
278.6546666666667
18.30366666666667
216.79966666666667
499.8546666666667
34.32266666666667
148.142
62.227
71.10833333333333
120.08466666666668
24.405666666666665
152.285
138.16766666666666
109.64933333333333
1022.1256666666667
32.95933333333334
31.036
74.24
27.528333333333336
88.10866666666668
20.304666666666666
19.066999999999997
20.784
32.160000000000004
48215.83566666667
33.709666666666664
99.44933333333334
29.805000000000003
119.55266666666667
46.629
63.23133333333334
618.0656666666666
2528.7000000000003
96.28833333333334
47.345
3.3049999999999997
2318.359
15.527999999999999
471.83633333333336
98.77266666666667
35.71966666666666
249.07333333333335
18.276333333333337
125.94599999999998
130.27633333333333
34.892
2391.4060000000004
93.911
20.22733333333333
1023.9920000000001
35.93933333333333
285.21566666666666
522.6933333333333
2328.5229999999997
17.737666666666666
6.599666666666667
33.80533333333333
571.6983333333334
40.693666666666665
62.84733333333333
15.961999999999998
55956.10866666667
34.97966666666667
206.543
24.634
126.71133333333334
59.73266666666667
62.068999999999996
66.88633333333333
43.34733333333333
68.896
36719.029
588.5263333333334
143.63266666666667
539.005
38.864
102.11466666666666
102.62066666666668
94.603
54.35933333333333
30.799333333333333
36.93033333333333
41.373333333333335
43.199999999999996
198.24900000000002
50.897333333333336
35.10633333333334
109.45366666666666
68.55166666666666
57.82966666666667
1584.7283333333332
2970.3296666666665
327.188
1030.5866666666668
114.473
29.735666666666663
34.06366666666667
77.832
246.63400000000001
59.222
16.656000000000002
24.058666666666664
1510.874
101.392
97.253
204.869
94.87433333333335
28.47
222.46633333333332
34.823
35.403666666666666
8.825000000000001
34.80833333333334
16.895999999999997
68.35033333333332
109.368
36.689
92.97566666666667
26.907
44.50366666666667
22.903333333333336
24.718666666666667
62.66833333333333
70.98033333333333
22.793666666666667
44.376666666666665
30.161
26.454333333333334
129.81833333333336
87.97233333333332
88.26266666666668
34772.630666666664
16214.197
24.855333333333334
16.023333333333333
29.129666666666665
265.47433333333333
1098.3403333333333
31.872666666666664
303.209
22.453666666666667
5.43
64.49366666666667
14.663666666666666
92.78233333333333
36.669666666666664
36996.18866666666
34.782333333333334
64.54266666666668
48.79366666666667
49.467999999999996
184.77633333333335
202.61533333333333
448.10633333333334
1017.006
49.455333333333336
20.314666666666668
84.475
52307.09733333333
33790.49366666667
31.736666666666665
26.63
25.286
2740.4323333333327
98.80266666666667
3468.3643333333334
165.50166666666667
303.6503333333333
20.979000000000003
66.23233333333333
36273.49933333333
193.914
132.5943333333333
331.20866666666666
18.335666666666665
30.703333333333333
1228.0919999999999
34.65333333333333
46.391999999999996
73.906
51480.988333333335
2418.1090000000004
6.871333333333333
223.705
99.38999999999999
35395.87033333333
29.59
397.595
15.056
110.23433333333332
22.061333333333334
30.206333333333333
2624.1226666666666
33.836666666666666
12.564333333333332
627.0353333333333
33341.866
28.708333333333332
56.27466666666667
674.9056666666667
78.29533333333333
1011.5006666666667
50.48666666666667
2246.8903333333333
53.87933333333333
77.27833333333335
263.0533333333333
25.325666666666667
338.2246666666667
42.461999999999996
267.7176666666667
33.81066666666667
6.4223333333333334
342.32466666666664
146.20033333333336
65.51366666666667
58.19033333333334
3.7610000000000006
31.557333333333332
50.061
11.479
35.772999999999996
62.220666666666666
20.421000000000003
2526.288666666667
151.40766666666667
31.672333333333338
59.472
645.7606666666667
689.6983333333334
22.951666666666668
54.43533333333334
23.372666666666664
12.533666666666667
2178.507
20.599333333333334
34.31366666666667
45.559
102.51766666666667
59.352
15.189
80.259
35743.99966666666
54.382666666666665
30.506
102.12133333333333
141.56166666666664
74.83999999999999
130.79
213.66500000000005
62.6
113.95166666666667
50.913999999999994
21.358666666666664
218.663
102.18733333333334
65.01866666666666
127.11099999999999
84.24266666666666
21.166
55.79
50744.90933333334
35.85633333333333
24.633
23.063666666666666
39.099333333333334
23.186333333333334
20.901
40.82066666666667
32.27
19.201333333333334
64.48433333333334
199.57866666666666
563.7426666666667
113.71566666666666
3522.132666666667
57.341
585.1573333333334
171.67200000000003
55.602666666666664
47.693000000000005
24.084666666666664
44.225
27.375666666666664
736.4416666666666
91.438
152.35733333333334
9004.356666666668
21.891666666666666
182.422
13.540999999999999
43.257666666666665
37.008
49.095333333333336
14.077333333333334
18.513666666666666
2039.6146666666666
31.72866666666667
274.7576666666667
52.554333333333325
29.936666666666667
559.035
23.263333333333332
44.61600000000001
361.13633333333337
48.973333333333336
438.987
67.58033333333333
22.117333333333335
120.41866666666665
178.831
53.71666666666666
57.95666666666667
146.66100000000003
69.20566666666666
766.3153333333333
31.526333333333337
37.44433333333333
79.86766666666666
89.75233333333334
34.62800000000001
18.43766666666667
128.10666666666665
86.29533333333335
34.248666666666665
36.05466666666666
36.55833333333333
2700.2656666666667
181.268
35.833
159.36
2773.5213333333336
10675.020333333334
16.995333333333335
39.22466666666667
3610.544
95.028
20729.744333333336
36781.15433333333
284.6803333333333
33.68233333333333
34.970333333333336
247.413
5731.77
65.153
57.19266666666667
1002.185
21.272333333333332
63.419000000000004
75.497
41.98933333333333
69.03266666666667
18.551333333333336
67.15566666666666
16.403000000000002
37.44833333333333
38.721000000000004
384.5956666666666
598.7510000000001
62.98533333333333
113.366
12.514000000000001
44.471000000000004
64.70533333333333
34.711333333333336
38.43933333333334
34.901
29.363
24.229333333333333
46.865
10524.874
68.15733333333334
3.8893333333333335
106.17733333333332
32.05466666666667
192.806
11009.642333333331
31.000333333333334
38.89233333333333
295.0436666666667
116.31866666666667
34.010333333333335
92.366
11309.487666666668
24.755666666666666
278.06033333333335
41.04966666666667
55.749
36.85966666666667
220.83466666666666
25.820333333333334
32.187000000000005
232.73233333333334
91.78399999999999
697.9440000000001
98.60333333333334
11.936666666666667
27.781000000000002
35.068999999999996
36.181666666666665
255.2673333333333
72.90033333333334
33.66433333333333
31.652666666666665
297.13599999999997
646.224
16215.241
157.202
33.089999999999996
502.54433333333327
3710.138333333333
158.99299999999997
35.032000000000004
34.99033333333333
34.219
61.47966666666667
100.62933333333335
36.367
180.0773333333333
174.5683333333333
39.729000000000006
109.01966666666668
68.50433333333334
288.40766666666667
71.648
21185.696666666667
60.044999999999995
48.75233333333333
32.18866666666667
242.66133333333332
26.487
22.168666666666667
242.96333333333334
7371.375333333333
191.626
218.51166666666666
57.32533333333333
14.469
305.12899999999996
67.652
292.4973333333333
27.093
42.569
59.18033333333333
37.12766666666667
81.01933333333334
25.142666666666667
59.12266666666667
82.64
24.816
1233.723
21.74266666666667
135.99866666666665
13.213000000000001
33.91933333333333
25.89
64.32033333333334
623.5480000000001
118.27666666666666
64.443
643.8953333333334
131.8646666666667
291.83433333333335
71.01066666666667
789.6506666666666
65.22000000000001
61.223000000000006
109.68233333333335
3516.2296666666666
244.22566666666668
189.27966666666666
59.078333333333326
28.189000000000004
25.129333333333335
33714.656
117.048
25.639666666666667
18.80666666666667
49.611999999999995
34.77866666666667
35.43
67.45133333333332
11.630333333333333
187.89866666666668
193.18200000000002
21179.144666666667
86.685
26.215999999999998
77.35833333333333
176.43533333333335
86.11133333333333
35784.19699999999
63.638666666666666
63.172333333333334
23.970333333333333
114.41933333333333
325.29033333333336
284.3163333333334
582.2933333333334
527.5076666666666
11.504333333333335
3437.181666666667
36980.867666666665
543.641
35.538999999999994
146.869
199.03466666666668
51695.289
180.708
108.97533333333335
32.184666666666665
10929.907000000001
73.14333333333333
36.648666666666664
34.786
34.800333333333334
4074.97
102.39266666666667
63.71933333333334
11.928666666666667
15.561999999999998
63.657999999999994
743.0243333333333
10531.349333333334
73.38933333333334
25.33
45.193999999999996
32.863
674.7389999999999
32.373
40.90133333333333
34711.48533333334
37.428
6.658333333333334
11.511333333333335
5202.055666666667
170.97133333333332
18.992333333333335
2021.248333333333
50.40766666666667
30.418000000000003
25.141000000000002
26.751666666666665
117.77366666666667
41.013333333333335
1507.7150000000001
397.4883333333333
35.658
85.95633333333335
23.24
67.96300000000001
24.243
61.92066666666667
45.94566666666666
50.53333333333333
27.151
63.803999999999995
56.74533333333333
67.985
3355.3559999999998
74.01866666666666
136.82433333333333
98.01100000000001
420.7436666666667
651.7046666666666
55.67133333333333
19.243666666666666
25.593333333333334
30.665999999999997
24.241
24.097333333333335
186.49833333333333
99.02
485.47499999999997
622.7096666666666
312.70433333333335
616.2950000000001
96.69233333333334
214.20833333333334
92.70666666666666
94.05333333333333
536.404
405.9496666666667
6.228666666666666
258.19233333333335
68.26066666666667
80.66199999999999
163.82666666666668
22.10766666666667
36.90233333333333
54.79533333333333
28.23166666666667
240.38166666666666
165.80399999999997
27.874333333333336
38.148666666666664
20.563
23.34566666666667
26.966333333333335
32.458000000000006
64.38466666666666
20.018333333333334
28.739666666666665
234.2023333333333
37.033
18.584
204.821
33.44566666666666
67.75166666666667
2365.3260000000005
24.91966666666666
76.11333333333333
28.245666666666665
24.427000000000003
109.00999999999999
27.548999999999996
42.31333333333333
44.452333333333335
55.65533333333334
36.20933333333333
263.9556666666667
142.51700000000002
15.234
130.15300000000002
25.813333333333333
47.38966666666667
34454.32633333333
243.57366666666667
62.163000000000004
127.20300000000002
22.948666666666668
17.369
28.637
52678.38433333333
154.08133333333333
37.458666666666666
24.91933333333333
35.58433333333333
34.763666666666666
194.178
80.25366666666666
31.912333333333333
467.1693333333333
60.41233333333333
19.264666666666667
22.002666666666666
19.054999999999996
14.972
69.78433333333332
48.93266666666667
34297.06766666667
33.112
24.698666666666668
18.096666666666664
70.264
2266.670333333333
32.76433333333333
93.88333333333334
36.081999999999994
60.174
59.98166666666666
14.762333333333332
48.948
48.74166666666667
32.269
4.629333333333333
328.87
10758.185333333333
49.37133333333333
74.78866666666666
42.972
71.62433333333333
97.496
31.483999999999998
41.074999999999996
21.850666666666665
33869.314
19.355666666666668
12323.744666666666
103.83533333333332
51.25033333333334
2369.072
48.81366666666667
49.33533333333333
95.907
65.28433333333332
86.88066666666667
26.846
31.060000000000002
202.73366666666666
244.06166666666664
62.51266666666666
62.764
202.65199999999996
23.230333333333334
86.63466666666666
36.81866666666667
11.768
210.45899999999997
27.524
20357.957
93.532
56.41566666666666
38.28966666666667
192.23733333333334
68.98100000000001
62.788666666666664
91.52366666666667
96.52
26.076999999999998
50.431000000000004
34.96
320.20266666666663
76.51733333333333
30.631333333333334
21.602999999999998
280.6546666666666
70.01466666666666
20966.038333333334
51.87833333333334
33.74366666666666
79.43066666666667
173.19066666666666
118.80966666666666
135.49599999999998
54.28766666666667
50.57833333333334
581.2546666666666
22.323333333333334
33584.72033333334
3488.06
35114.682
46.70033333333333
19.474999999999998
39.592999999999996
24.19666666666667
83.575
266.93
2700.9076666666665
2976.0963333333334
64.729
16.789
179.37933333333334
18.279666666666667
30.075666666666667
181.58633333333333
355.2236666666666
40.69133333333334
57.78
3.558
3593.7046666666665
27.205
54.06766666666667
64.64233333333334
37.74466666666667
17.157666666666668
25.852999999999998
31.38
37.306666666666665
42.02433333333334
465.99600000000004
2524.027
37.817
557.4293333333334
24.352333333333334
29.08
99.59466666666667
14.241999999999999
327.15233333333333
23.613333333333333
63.12133333333333
35.327333333333335
78.301
133.79600000000002
81.51533333333333
16.729
22.745
148.194
10231.155
48.36000000000001
18.285
1426.357
242.57633333333334
30.632333333333335
30.436666666666667
30.656333333333333
74.18333333333334
72.11166666666666
87.22133333333333
17.208333333333332
39.788000000000004
55.910333333333334
66.93733333333333
93.823
49.72299999999999
253.50200000000004
36.297333333333334
41.99033333333333
47.312666666666665
23.471666666666668
9.76
32818.01433333333
321.19700000000006
50.447
256.1046666666667
47.80766666666667
86.70133333333332
62.474333333333334
8.162
65.79899999999999
15.452333333333334
96.04533333333335
48.909333333333336
68.706
46.785333333333334
266.30133333333333
331.64366666666666
44.330000000000005
63.98
118.883
2730.1596666666665
114.27466666666668
23.780666666666665
37.696333333333335
69.32766666666667
13.995666666666667
187.604
39.37666666666667
35.802666666666674
47.151
58.85066666666666
36.330000000000005
548.275
23.626
23.165000000000003
318.18
101.26733333333334
153.331
570.5796666666666
34404.19
79.647
203.31833333333336
43.54333333333333
63.23
48.586666666666666
36.88433333333333
78.63366666666667
15.769
39.971
23.19366666666667
19.316666666666666
36.63066666666667
99.96066666666667
57.34366666666667
30.492
35.11366666666667
138.9176666666667
34089.52133333333
217.24733333333333
118.95633333333335
33.687999999999995
2273.9546666666665
52.663999999999994
67.60666666666667
37.681333333333335
34.93366666666667
55.99966666666666
70.41733333333333
20.89
68.38333333333334
54746.88433333333
92.12299999999999
56.12966666666667
679.7706666666667
16.060666666666666
297.5166666666667
37.425666666666665
2388.1446666666666
56.453333333333326
38.01933333333333
217.72933333333336
104.95366666666666
68.47433333333333
1533.1556666666665
162.14266666666666
61.84199999999999
30.356666666666666
241.31966666666668
50.36333333333334
479.6583333333333
65.031
203.83766666666668
18.472666666666665
104.884
12.109666666666667
208.04433333333336
2811.105
22.261666666666667
65.70866666666667
32.817
55.86933333333334
25.349333333333334
64.13166666666666
21.694333333333333
53795.259
59.975
119.83333333333333
24.143
71.24133333333334
683.6056666666667
20.060999999999996
27.907666666666668
100.028
13.756333333333336
91.18900000000001
35.620333333333335
38.065666666666665
27.766000000000002
130.72
2307.405666666667
108.49933333333335
75.721
93.843
26.962666666666667
39.24666666666666
100.604
147.108
68.782
33318.25033333334
20.199333333333332
34555.212
76.05233333333332
40.015
465.09
35.13833333333333
81.56666666666666
88.17833333333333
124.46333333333332
16.188666666666666
231.77466666666666
91.132
154.405
35.586333333333336
98.23666666666666
57.836999999999996
58.258
254.7603333333333
149.11866666666666
61.934333333333335
24.054000000000002
5.987666666666667
136.83966666666666
84.10466666666666
267.9413333333334
51.242333333333335
2285.1446666666666
28.87033333333333
103.09833333333334
4.464666666666667
22.961666666666662
372.3183333333333
34.632
168.38566666666665
52.72666666666667
80.416
149.65333333333334
23.70866666666667
328.117
80.19866666666665
2690.2933333333335
60.30233333333333
149.643
208.38933333333333
22.576333333333334
37.59366666666666
565.7133333333333
26.51533333333333
114.12633333333333
45.77466666666667
125.96566666666668
708.5283333333333
767.919
61.36066666666667
112.12566666666667
1031.0773333333334
363.47166666666664
357.3666666666666
5.192666666666667
750.3673333333332
2269.9069999999997
19.629
237.96400000000003
149.86333333333334
39.76533333333333
60.302666666666674
25.149333333333335
10469.482666666667
6667.315
291.0016666666666
178.93466666666666
33.51200000000001
61.946
2524.796333333333
252.71933333333334
217.05933333333334
49.779333333333334
80.92566666666666
12462.970000000001
17.55666666666667
171.39966666666666
3584.5203333333334
26.084666666666664
18.371666666666666
3567.5809999999997
186.38066666666668
324.823
37.50066666666667
1.2523333333333333
22.558333333333334
204.604
189.20466666666667
43.38766666666667
30.977999999999998
95.62733333333334
26.460333333333335
69.94733333333333
2539.1756666666665
113.57799999999999
35.28466666666667
84.13366666666667
36055.956000000006
138.17466666666667
18.686333333333334
55.275
1.0903333333333334
35.836999999999996
64.34466666666667
3620.017333333333
63.63566666666667
197.20133333333334
17.836
87.13666666666666
28.624
33.903
562.5616666666666
9.578333333333333
74.32833333333333
11111.532333333334
156.66966666666667
80.68233333333333
15.298000000000002
171.90633333333335
26.795666666666666
11412.540333333332
129.865
449.6376666666667
66.31533333333333
179.369
738.1463333333332
510.728
26.874333333333336
42.154333333333334
81.97166666666668
25.07766666666667
32.57666666666667
141.92499999999998
3518.7116666666666
179.99933333333334
20.208333333333332
495.9936666666667
40.93366666666666
33.76833333333334
74.943
35.706
31.218999999999998
111.02733333333333
111.44466666666666
261.805
25.094333333333335
64.96833333333332
70.23100000000001
90.303
26.465333333333334
998.0283333333333
212.42633333333333
281.5606666666667
4.713666666666667
72.688
48.733000000000004
224.99800000000002
2281.2566666666667
31.62366666666667
259.9103333333333
240.54333333333332
60.21066666666667
159.565
349.6333333333334
23.830333333333332
56.49933333333334
22.644666666666666
23.22066666666667
85.83
75.32833333333333
169.403
29.18766666666667
41.730333333333334
86.35733333333333
41.084
27.082333333333334
22.385666666666665
46.074999999999996
1.2466666666666668
81.13466666666666
97.20833333333333
27.112
35.60166666666667
52.53333333333334
65.778
63.556000000000004
472.936
10592.548666666667
95.16033333333333
157.44699999999997
69.77466666666668
24.157
101.98
159.42133333333334
49.949666666666666
387.53266666666667
30.419999999999998
1445.8563333333332
95.62599999999999
96.28800000000001
95.13233333333335
43.45566666666667
93.45733333333334
11.334999999999999
243.1833333333333
3798.836666666666
193.45000000000002
6850.126
98.54366666666665
30.630666666666666
36.068666666666665
58.797000000000004
30.55033333333333
70.73566666666666
11.886333333333333
1017.1786666666667
3577.7406666666666
71.94733333333333
39.017
72.42299999999999
74.66933333333333
124.129
18.625
63.89833333333333
44.294333333333334
208.42399999999998
22.139
6.2026666666666666
37.632
62.464
46.782000000000004
223.21633333333332
11108.971
20529.501666666667
50.84233333333333
33.580999999999996
62.608666666666664
112.36266666666666
9787.142333333331
106.30366666666667
44.23
215.98233333333334
31.284333333333336
33.476
447.27233333333334
265.84366666666665
259.3706666666667
28.825666666666667
17.110333333333333
23.921333333333333
2266.969333333333
247.852
62.824000000000005
129.377
76.414
662.3903333333333
61.90566666666666
16010.407
26.89
66.65466666666667
84.382
104.72066666666667
25.125666666666664
1.4176666666666666
83.67133333333334
20.339333333333332
84.79933333333334
34337.09566666667
62.305
111.91366666666666
47.059333333333335
40.96566666666667
2299.0310000000004
36.091
3613.529
46.746333333333325
65.381
2719.713333333333
4148.708666666666
2330.438
21331.368666666665
42.254666666666665
74.54633333333334
2377.4636666666665
24.933333333333334
58.31333333333333
33.992
24.665000000000003
289.12266666666665
38.64066666666667
24.485666666666663
336.03633333333335
33.714666666666666
69.414
228.418
10951.113
24.699333333333332
35.163000000000004
35888.469333333334
122.41066666666666
6.808
35.21566666666667
24.241
265.66
3006.201333333333
64.003
40.701
17.374
293.97900000000004
99.20166666666667
121.77299999999998
553.937
18.509
632.0590000000001
18.426666666666666
37.465333333333334
286.80899999999997
26.235
19.194
829.8923333333333
33.138666666666666
31.73733333333333
27.259
98.91133333333335
348.21999999999997
637.6503333333333
61.720666666666666
35411.477333333336
6.739333333333334
671.6656666666667
17.75833333333333
52.32966666666667
19.152
24.625333333333334
31.731666666666666
113.66633333333334
66.96366666666667
71.91433333333333
21.787666666666667
41.386
22.386666666666667
39.11633333333334
277.34866666666665
52.120666666666665
65.72833333333332
2414.040333333333
10.909
34881.81733333333
9414.705333333333
182.0536666666667
474.5346666666667
93.99566666666668
46.513666666666666
49145.431666666664
56.766999999999996
24.554333333333336
33.29866666666667
91.69666666666667
561.7543333333333
11.057
177.0086666666667
99.64266666666667
28.874666666666666
63.409333333333336
30.351333333333333
48.34033333333334
45.63133333333334
34.794000000000004
626.9833333333333
51.85366666666667
27.21733333333333
57.55733333333333
21.564999999999998
37.937666666666665
97.69366666666667
574.4866666666667
51.44366666666667
192.04066666666668
32.94366666666667
118.15366666666667
159.85266666666666
65.63933333333333
27.663
519.852
558.5793333333332
21.267333333333333
202.82033333333334
36.11333333333334
52.21666666666667
58.79233333333334
36.336666666666666
32.54
295.805
151.72533333333334
35.913000000000004
48.72366666666667
79.21833333333332
145.27566666666667
58.043
235.912
36.193333333333335
217.82366666666667
3452.4706666666666
55.316333333333326
128.62266666666667
24.853333333333335
16.967333333333332
213.024
95.08866666666667
39.308
228.61966666666663
272.694
35.058
100.029
264.9703333333334
10739.036333333335
228.73300000000003
42.096333333333334
224.01466666666667
16.944666666666667
38.51833333333333
51.45166666666666
31.150666666666666
293.2266666666667
299.873
157.22233333333335
46.185
49.602
184.12266666666665
463.487
31.959000000000003
290.44866666666667
1017.7533333333332
24.543333333333333
44.94333333333333
131.85733333333334
2353.6496666666667
23.730666666666668
20.19066666666667
47.58466666666667
29.986
36.683
23.845
50.267
47.925000000000004
53.411
112.22166666666668
69.64
80.48266666666666
7.084
21.93166666666667
95.92766666666667
40.340333333333334
34.23166666666666
687.8243333333334
47.80666666666667
73.14766666666667
77.56933333333333
224.42533333333336
29.651
62.895333333333326
560.8993333333334
34.242333333333335
34624.98266666667
35.021
36978.53166666667
86.04966666666667
151.888
50.68833333333333
126.271
173.215
94.43466666666667
88.42166666666667
11419.226333333332
176.91066666666666
91.25166666666667
61.364666666666665
6.792666666666666
37.82933333333333
78.51299999999999
19.096333333333334
30.564000000000004
70.78266666666667
59.406666666666666
96.11899999999999
101.28033333333333
65.88866666666667
93.18966666666667
1498.4393333333335
54.42666666666667
11653.374666666665
60.475666666666676
5.661666666666666
35457.34733333333
39.042
207.62866666666665
83.58533333333334
77.13199999999999
17.970333333333333
23.420333333333332
556.1716666666666
44.41966666666667
25.388666666666666
29.069666666666667
282.393
120.31466666666667
2682.893
46.923
33.24766666666667
30.969666666666665
33451.332
35.96933333333333
2389.787
51.502
3.4936666666666665
12.204
118.66766666666668
449.91633333333334
43.06833333333333
663.349
111.82099999999998
17.818
47.358000000000004
222.789
2329.9356666666667
103.71266666666668
1039.1786666666667
72.03866666666666
59.59266666666667
38.15566666666667
69.51266666666668
44.33233333333334
229.9186666666667
35.574333333333335
61.31466666666666
63.889
34.549
2490.0563333333334
173.31166666666664
22.586333333333332
76.08166666666666
62.001666666666665
56.80533333333333
36.98733333333333
22.781000000000002
748.823
145.00233333333333
70.37333333333333
68.90066666666667
67.27066666666666
34.998
37.08833333333334
45.809333333333335
97.75600000000001
24.477999999999998
681.4443333333334
68.73766666666667
198.91466666666668
643.4453333333332
18.474
237.88633333333334
16.798333333333332
94.551
168.76633333333334
73.59333333333333
35.32066666666667
153.0956666666667
33.06066666666666
19.03533333333333
3085.8413333333333
706.5683333333333
23.653666666666666
127.86599999999999
22.71066666666667
73.69866666666667
24.41033333333333
248.75466666666662
10473.700666666666
73.30733333333332
23.655333333333335
36.96866666666667
206.912
234.68533333333335
369.0163333333333
23.762333333333334
88.23599999999999
63.50033333333334
636.187
88.85833333333333
116.673
34.102333333333334
57.150666666666666
779.1750000000001
65.56466666666667
32.50166666666667
32325.336666666666
312.92100000000005
404.61899999999997
623.8796666666667
31.843333333333334
60.641999999999996
79.914
2227.737333333333
112.51966666666665
48.905
183.942
35.083333333333336
18.589333333333332
61.76433333333333
414.45533333333333
23.11433333333333
94.30733333333335
113.69500000000001
29.302666666666664
29.586333333333332
227.388
127.65633333333335
745.562
30.859333333333336
173.146
38.37566666666667
68.71766666666666
101.113
339.387
17.497
178.53100000000003
26.652666666666665
102.73700000000001
78.49966666666667
72.77966666666667
174.979
30.048666666666666
471.06766666666664
26.915333333333333
718.9413333333333
203.30633333333333
51.71333333333334
26.015333333333334
207.789
65.31599999999999
51.556333333333335
38.30733333333333
22.733999999999998
16167.648666666666
302.03633333333335
205.97733333333335
2386.1463333333336
31.15433333333333
383.0626666666667
176.34199999999998
1214.6173333333334
207.17566666666667
24.405
25.426
81.16499999999999
25.06833333333333
68.132
419.49666666666667
86.01933333333334
93.47333333333331
18.778333333333332
87.621
82.78533333333334
11259.015333333335
17.706666666666667
27.689000000000004
202.23733333333334
46.65766666666667
153.744
68.72333333333331
35.772666666666666
3633.999333333333
88.26933333333334
24.048999999999996
35.662
23.865
18.731333333333335
53.332
24.695666666666668
94.738
45.864
205.35866666666666
361.3953333333333
2233.8993333333333
121.17399999999999
627.35
47.757
35254.16766666667
34.388333333333335
458.4403333333333
19.61466666666667
70.12266666666666
11.035333333333334
137.09333333333333
177.9426666666667
2055.914
81.252
633.5340000000001
14.042333333333332
206.37866666666665
329.337
36593.934
65.43333333333334
43.06233333333333
32636.235666666664
30.598333333333333
166.49266666666668
21.368333333333336
595.5346666666668
344.91800000000006
27.126
234.66966666666667
37.65166666666667
25.967
643.9313333333333
25.041333333333338
14190.291666666666
62.768
84.742
64.79333333333334
20.963333333333335
98.50066666666667
96.79566666666666
37427.51033333333
34.285333333333334
79.61866666666667
42.29066666666667
2488.391
49.159
228.812
56.99100000000001
33.51533333333334
251.663
61.225666666666676
107.29433333333333
184.97766666666666
111.58266666666668
22.250333333333334
1104.381
84.55466666666666
3.807
192.87333333333333
25.079333333333334
189.635
688.8586666666666
38.681000000000004
2506.935
35.14366666666667
1106.604
244.102
8333.255666666666
35.318
224.92066666666668
103.18599999999999
25.31266666666667
4.8020000000000005
80.56366666666666
100.54833333333333
2280.8379999999997
9326.246333333334
7.521
38.68533333333334
28.954666666666665
25.74966666666667
613.4196666666667
54.40233333333333
159.80566666666667
34.98833333333333
33.778999999999996
63.397
33.623333333333335
1.1566666666666665
37.25266666666667
24.549666666666667
91.483
134.497
43.893
32.33566666666667
36.245666666666665
139.507
12.388
11.966000000000001
20.275666666666666
35.71566666666667
61.971000000000004
108.15466666666667
26.636666666666667
194.89533333333335
18.554666666666666
75.17333333333333
73.844
202.30766666666668
71.34266666666667
1.274
34.27066666666666
58.815
97.19200000000001
84.47033333333333
59.561
98.10566666666666
24.956666666666667
2730.6383333333333
23.841333333333335
337.11966666666666
726.3316666666666
214.67633333333333
217.91
35.437
86.51533333333333
21.341333333333335
2180.4026666666664
1798.0876666666666
111.00100000000002
48.153999999999996
197.6933333333333
1961.9176666666665
178.02633333333333
47.73466666666667
34.258
34.68633333333333
3527.445333333333
38.79966666666667
55.01133333333333
35.50233333333333
47.64533333333333
79.24366666666667
562.215
35.172666666666665
52.76
71.24066666666667
653.9183333333334
111.702
2299.2376666666664
37.04366666666666
96.697
31.88433333333333
2736.7953333333335
43.395
255.36966666666663
1.3183333333333334
137.47766666666666
37.23633333333333
180.295
50.48
3.7503333333333333
280.031
611.2133333333333
46.793000000000006
35.919666666666664
47.84233333333333
195.8123333333333
137.427
30.861666666666665
35778.046
86.60033333333335
30.296999999999997
23.56566666666667
54.955000000000005
646.0103333333333
164.07933333333332
51.314
208.01966666666667
6138.411
67.02333333333334
158.40133333333333
35.68
37.335
1003.8816666666667
25.699
73.02666666666667
33.836666666666666
29.340666666666664
514.1796666666667
3494.8596666666667
68.38533333333334
93.80799999999999
2425.210333333333
611.8539999999999
29.593
98.11533333333334
26.616
372.584
758.8856666666667
69.51366666666665
133.89233333333334
22.451333333333334
303.0063333333333
3468.3106666666667
105.632
175.87666666666667
137.23999999999998
27.825333333333333
23.275333333333332
62.08566666666667
40.22533333333333
70.56433333333332
31.310666666666663
36.98
39.845
23.41433333333333
103.26233333333334
22.828
55.138
77.48633333333333
3609.112333333333
35.51033333333333
71.69233333333334
34.940333333333335
170.32500000000002
191.95399999999998
62.61766666666667
66.907
31.292
2332.8173333333334
95.54633333333334
29.59766666666667
313.15366666666665
306.00666666666666
269.5366666666667
50.726
131.981
546.7776666666667
46.80633333333333
107.473
32.01133333333333
35.22866666666666
34.51933333333333
42.61000000000001
94.00066666666665
31.555000000000003
3467.574
2288.3693333333335
65.905
24.388
27.887
129.30233333333334
476.8
192.787
80.51799999999999
121.52633333333331
66.39999999999999
3499.8596666666667
69.24366666666667
36.88766666666667
2355.5260000000003
91.10666666666667
28.344666666666665
25.03
35.52633333333333
45.07266666666667
86.30799999999999
3103.31
103.67533333333334
75.43766666666666
2304.1873333333333
36.316333333333326
52.16166666666667
268.6273333333333
30.689999999999998
103.50866666666667
220.57499999999996
6.223333333333333
64.96333333333332
46.149333333333324
11.518
91.57366666666667
53.06733333333333
75.95433333333334
62.52633333333333
129.271
12.810666666666668
64.71833333333333
29.495666666666665
36.843333333333334
98.62
20.831999999999997
21.241
23.896666666666665
3389.3933333333334
63.09733333333333
20.668
131.20566666666664
40.14933333333333
3595.8890000000006
100.69466666666666
549.774
125.032
4681.608666666667
89.432
275.817
36.126666666666665
154.42233333333334
64.99066666666667
26.295
2437.959666666666
1031.2486666666666
32.336999999999996
58.81766666666667
94.60066666666667
85.25166666666667
2929.2213333333334
99.84966666666666
90.42133333333334
65.56966666666666
2356.7993333333334
551.4643333333333
59.397
15.522666666666666
762.8666666666667
2419.68
50.52533333333334
35.395999999999994
67.193
2330.2873333333337
68.27233333333334
178.1
40.775
533.931
16.604333333333333
11.135333333333334
18.568666666666665
133.19899999999998
58.190666666666665
17.508999999999997
53.51566666666667
52.236333333333334
56.531666666666666
6500.130000000001
84.42199999999998
150.55033333333333
109.824
32.017
97.973
23.168333333333333
56.466
175.18433333333334
41.51733333333333
274.6156666666667
97.65633333333334
95.48700000000001
99.37233333333334
60.008
264.2223333333333
130.45933333333335
87.27133333333335
11.581333333333333
186.033
224.64566666666667
72.81500000000001
2292.7073333333333
29.72
23.985666666666663
47.18033333333333
234.48966666666664
61.773666666666664
103.80633333333333
619.4896666666667
55.002
3733.4346666666665
33.52766666666667
559.3913333333334
665.339
18.369333333333334
64.21766666666666
35287.060999999994
62.50733333333333
34.287
31303.317
118.82066666666667
37.00666666666667
75.95100000000001
21.85466666666667
92.17733333333332
46.08866666666666
23.339333333333332
207.68200000000002
156.684
0.844
32.41766666666667
216.73
16310.222999999998
33.898666666666664
12.120333333333333
195.57833333333335
24.357
2261.4846666666667
114.654
240.787
35.818666666666665
54567.132333333335
425.58200000000005
63.57566666666667
79.38266666666665
38.13933333333333
53.127
81.35600000000001
128.09633333333332
26.19066666666667
507.4003333333333
60.75633333333334
100.75099999999999
753.2806666666665
114.907
18.662333333333333
125.87133333333334
38.044000000000004
324.10400000000004
80.18633333333334
18.75733333333333
82.99166666666667
137.48866666666666
347.9636666666667
731.7373333333334
355.93533333333335
37.443
69.37033333333333
216.3573333333333
37.36066666666667
172.38266666666667
488.44800000000004
47.92633333333333
88.48333333333333
3457.502333333334
409.79033333333336
29.313000000000002
59.456999999999994
219.734
95.49
71.711
108.56599999999999
45.434333333333335
64.78866666666666
10.308
49.77
351.07633333333325
31.432000000000002
2944.798666666667
41.745
162.936
24.59266666666667
22.63366666666667
49.272
43.65566666666666
31.895666666666667
32.45333333333333
3393.1306666666665
81.25466666666667
94.80833333333334
19.742
282.21733333333333
41.29900000000001
472.2443333333333
88.35266666666666
11497.182
34264.03166666667
118.129
103.94566666666667
56.25533333333333
731.3833333333333
770.4833333333332
20.738
17.502333333333333
19.829666666666668
45.74099999999999
607.598
53.175666666666665
86.81733333333334
469.56
389.00666666666666
78.16166666666668
2283.6293333333333
55.708666666666666
36.21566666666667
68.70533333333333
7374.747333333334
682.3643333333333
34.566
39.254666666666665
2508.4473333333335
35.41166666666667
227.30200000000002
292.055
84.99
6.801333333333333
613.1426666666666
2683.4976666666666
68.95833333333333
45.30533333333333
268.277
172.196
32.038000000000004
192.4
267.01
35.059333333333335
22.518666666666665
864.8493333333332
602.274
21.066333333333333
63.90966666666666
73.43666666666667
3625.3976666666663
31723.514
58.37633333333334
36.54866666666666
61.608666666666664
126.56366666666668
186.4813333333333
278.1766666666667
210.10466666666665
22.789666666666665
81.88233333333334
35.23166666666666
235.836
36938.009666666665
289.543
37.127
275.08166666666665
103.38466666666666
24.616
16.34266666666667
33.199000000000005
14.525333333333334
53.457
151.74266666666668
115.80733333333335
24.382666666666665
731.951
18102.476
49.391999999999996
100.252
120.49566666666665
278.35033333333337
34428.58066666667
113.69833333333334
28.80933333333333
6.039666666666666
63.898
3.3943333333333334
33.409333333333336
88.14233333333334
36.583666666666666
71.75333333333334
19.888666666666666
20.409666666666666
36.144
36.54266666666667
113.52300000000001
81.72
72.69
133.26233333333334
34.53766666666667
11.677333333333335
35.18566666666666
28.067666666666668
11.341000000000001
223.835
57.13033333333333
18.992
70.81266666666666
34.580333333333336
30.412000000000003
429.59566666666666
72.88933333333334
78.98666666666666
274.97133333333335
20.154
26.50133333333333
145.88733333333332
297.41966666666667
82.07233333333333
775.6466666666666
30.139666666666667
94.69133333333332
30.694
116.14833333333333
36.705
21.354666666666663
67.19366666666666
18.146666666666665
20.165666666666667
277.03000000000003
94.16766666666666
54754.70266666667
37.77
56.258
137.48766666666668
91.825
41.791666666666664
31.859333333333336
31.00266666666667
82.15599999999999
2332.340333333333
36.357
107.00666666666666
63.58533333333333
21427.578333333335
325.37833333333333
42.800666666666665
11.591
167.53300000000002
278.30199999999996
246.38966666666667
105.26466666666666
152.178
1030.4413333333332
153.83766666666668
45.809666666666665
221.30266666666668
2380.583
35.84866666666667
33.09966666666667
35.957
91.181
33.05566666666667
24.976
34.95066666666667
97.03466666666667
764.5766666666667
22.291666666666668
340.717
36.81166666666667
24.388666666666666
308.74333333333334
49.025666666666666
31.457666666666665
150.646
31.538666666666668
219.00933333333333
35965.22833333333
34.89833333333333
105.02866666666667
30.779666666666667
25.500333333333334
6606.5199999999995
101.74133333333333
97.94333333333333
132.06733333333332
44.435
88.78099999999999
604.3063333333333
14.922666666666666
37.53966666666667
28.179666666666666
24.982333333333333
672.9586666666665
34.851333333333336
44.038000000000004
49.757
751.2293333333333
54.53266666666667
50.20033333333333
86.61933333333333
35.56766666666667
35.14833333333333
41.699000000000005
30.486666666666668
40.10366666666667
32.228
599.3853333333334
4.296666666666666
46.53666666666667
6.709666666666666
36.702
81.94733333333333
59.09433333333334
26.829333333333334
38.696666666666665
321.69866666666667
76.03233333333333
19.952
119.44633333333331
35.467666666666666
67.44866666666667
2306.1126666666664
22.332333333333334
15.987
36127.134
124.53666666666665
717.3903333333333
95.99766666666669
24.427999999999997
644.0066666666665
40.51266666666667
38.97233333333333
26.625
30.031333333333333
40.28033333333334
7.064333333333333
47.01666666666666
67.53466666666667
168.73800000000003
141.80333333333334
67.649
35.641666666666666
34470.76866666667
98.61866666666667
23.27033333333333
22.338000000000005
37.87366666666667
41.75133333333334
439.2806666666667
2248.074666666667
120.05566666666665
23.279
211.17966666666666
77.01833333333333
42.44933333333333
223.929
710.4350000000001
19.980666666666668
33.03366666666667
93.56566666666667
50.52866666666667
758.9436666666667
198.97333333333336
59.173
50.90200000000001
100.86166666666666
22.804333333333332
101.30933333333333
46.508
243.107
34556.50433333333
37.04933333333333
16.660666666666668
28.398666666666667
33.91533333333333
36.673
41.73333333333333
548.136
184.67966666666666
58.19333333333333
27.171999999999997
10.861666666666665
2621.6479999999997
60.144000000000005
34.37866666666667
84.19566666666667
110.49266666666666
97.66733333333332
4952.510666666666
5854.420666666666
4.605333333333333
34.36633333333334
14.757333333333333
35.75933333333334
79.98
51.85033333333333
169.203
9622.495
69.27733333333333
104.81599999999999
65.39866666666667
13.534666666666666
47.33266666666666
63.76566666666667
35.63366666666666
214.934
16.255999999999997
23.477333333333334
32656.365999999998
21.856666666666666
60.811
16630.103333333333
37.06833333333333
197.727
33.39833333333333
58.84766666666667
32.925333333333334
217.5203333333333
50.1
163.69899999999998
71.116
9588.857
45.828
35.558666666666674
2339.479
3510.538
76.05266666666667
24.37433333333333
96.88166666666666
27.772666666666666
157.03166666666667
8.219
1021.511
12.86
10.283666666666667
195.15166666666664
25.106333333333335
554.985
54.48266666666667
48.09766666666667
89.03399999999999
13.604999999999999
34.88133333333334
65.825
196.322
150.09199999999998
31818.040666666668
59.314
2317.645
78.637
110.08466666666668
70.241
119.041
299.82
729.8093333333333
67.80366666666667
58.298333333333325
32.73066666666667
164.39
156.155
177.17600000000002
29.772333333333332
243.26699999999997
195.97633333333332
32626.262000000002
20.587666666666667
215.50766666666667
115.44366666666667
92.839
64.00833333333334
122.64999999999999
33.36933333333334
38.94833333333333
38.36333333333334
58.04633333333333
29.192666666666668
3441.3799999999997
23.85766666666667
216.68833333333336
197.92533333333333
155.643
13.498
26.878
79.08233333333334
92.10933333333332
77.169
3508.1013333333335
34.83
39.269000000000005
50.93266666666667
16491.267333333333
209.67433333333335
456.0933333333333
125.53633333333335
34.695
466.2436666666667
68.99033333333334
96.015
51.94433333333333
51.31166666666667
108.61466666666666
73.08433333333335
36.81433333333334
32.35366666666667
227.35933333333332
18.759333333333334
2296.9976666666666
84.24966666666667
34.46966666666667
46.92499999999999
26.225333333333335
611.167
1460.5626666666667
67.52299999999998
2331.336333333333
34.952
3545.7093333333337
296.841
15.590000000000002
68.61933333333333
607.6270000000001
103.723
5282.130666666667
59.800000000000004
2855.7363333333337
37.18366666666666
95.31599999999999
52.975
78.415
65.975
35.553333333333335
242.97466666666665
12.238
93.86833333333334
190.461
73.159
39.263
36.144
94.384
24.183333333333334
10747.823666666667
1.1706666666666667
15920.015
33973.604999999996
3606.0596666666665
103.51066666666668
29.17833333333333
441.0543333333333
1.0103333333333333
86.59366666666665
56.022333333333336
34.45433333333333
34.439666666666675
26.620666666666665
34220.75
144.00666666666666
9004.749333333333
110.243
14.452666666666667
34.82666666666666
225.13066666666666
36.681666666666665
3380.27
35.38666666666666
47.40233333333333
24.176666666666666
15288.680666666667
19.895
72.11000000000001
96.53033333333333
18.345000000000002
192.66933333333336
23.178
112.853
11068.718
106.48266666666666
2297.0976666666666
39.97933333333333
25.380666666666666
41.910333333333334
221.42966666666666
60.79666666666666
26.702333333333332
6.392333333333333
34505.734
70.73033333333333
34263.984333333334
197.90266666666665
61.665666666666674
23.766333333333336
24.799333333333333
11.021666666666667
79.27733333333333
134.91433333333333
42.258
49.60766666666667
183.08466666666664
356.675
157.43966666666668
97.02533333333332
35.39900000000001
51.428333333333335
49.090666666666664
64.63566666666667
25.406000000000002
9881.266333333335
65.122
65.09566666666666
16.210333333333335
17.607333333333333
18.94666666666667
25.807000000000002
15.22166666666667
24.072999999999997
36.74033333333333
65.86833333333334
31.945333333333334
69.956
568.6709999999999
42.09166666666667
16.55933333333333
33.49133333333334
43.119
755.4830000000001
430.032
66.176
213.955
24.383333333333336
234.84133333333332
22.27933333333333
549.916
177.39466666666667
88.40533333333333
26.749333333333336
22.200666666666667
16.519000000000002
723.7709999999998
78.34866666666666
27.563333333333333
17.354333333333333
44.686
355.8876666666667
122.41366666666666
181.03
36.29066666666667
4.178333333333334
34.054
54.31766666666667
215.457
17.573
23.95866666666667
18.094333333333335
20.776333333333334
19.139666666666667
51.29433333333333
14.619666666666665
556.5573333333333
5082.798666666667
289.17
22.251666666666665
155.74733333333333
38.64066666666667
94.632
73.91233333333332
23.662000000000003
306.21733333333333
35.758
32.5
38.92766666666666
2719.9590000000003
22.542
247.492
53.12200000000001
31.257000000000005
39.37233333333333
24.194999999999997
69.19633333333333
44.239000000000004
548.4726666666667
171.10233333333335
81.67733333333332
2381.553
541.2936666666666
72.21266666666666
79.97333333333334
3652.748
36.687999999999995
255.35699999999997
39.91866666666667
54.65800000000001
126.63199999999999
39.529333333333334
51.476
81.00733333333334
370.67833333333334
250.857
2358.179
28.033666666666665
27.266333333333336
85.87866666666667
33.117
89.84633333333333
68.003
40.84166666666667
749.8556666666667
19.359333333333336
25.158666666666665
5.813
58.036
15.332333333333333
32.399
19.713333333333335
94.23633333333333
547.4496666666665
69.754
46.196333333333335
71.309
141.34666666666666
1.0370000000000001
36.45166666666667
266.202
16.465333333333334
156.45966666666666
22.325333333333333
2257.634666666667
67.91666666666667
32.154666666666664
333.38000000000005
14.582333333333333
18.650666666666666
59.00966666666667
144.40666666666667
12.456666666666669
28.492333333333335
64.05033333333334
49.303333333333335
243.05933333333334
31.798666666666662
27.096
17.180666666666667
267.8103333333333
101.57333333333334
80.96900000000001
2733.974
15.248333333333333
110.88366666666667
20.753666666666664
115.28399999999999
87.41966666666667
517.0590000000001
51.698
2690.5363333333335
18.771666666666665
86.67166666666667
536.4886666666666
67.902
16.603666666666665
21.953
67.74166666666667
20.94633333333333
645.6106666666667
9919.543
91.17166666666667
998.9540000000001
52.612
100.50933333333334
22.375
754.433
64.89
121.41566666666667
11.281333333333334
32.574
36.209
177.39466666666667
317.628
1653.735
206.285
43.85966666666667
95.18166666666666
2607.781
10240.500999999998
3.8339999999999996
209.995
22.400666666666666
72.37866666666666
124.57633333333332
597.9803333333333
64.93566666666668
53.79866666666666
234.313
47.326666666666675
53.861333333333334
185.59933333333333
35.524
214.68266666666668
2291.839
83.161
50.85433333333333
194.56233333333333
190.85566666666668
33.422666666666665
171.99766666666665
69.00133333333333
2345.9273333333335
3522.5803333333333
52.845
111.33300000000001
344.32233333333335
27.73733333333333
48.451666666666675
181.72433333333333
18.333333333333332
118.09266666666667
2745.5343333333335
94.65566666666666
51.60300000000001
30.841333333333335
72.18633333333334
24.409000000000002
41.245666666666665
47.76233333333334
19.693
55800.93766666667
22.872666666666664
17.37066666666667
124.59066666666666
13.928666666666667
25.858666666666668
745.4743333333332
161.64233333333334
1189.5706666666665
92.36333333333334
355.9346666666666
151.33133333333333
149.75133333333335
784.8246666666665
207.04033333333334
47.90566666666667
61.86433333333333
158.60333333333335
2376.8740000000003
46.815333333333335
620.7863333333333
57.44966666666667
241.692
16.527333333333335
32.12500000000001
102.38066666666667
64.57933333333334
3512.962
22.695333333333334
35.12466666666666
34.40166666666667
74.07933333333334
33231.91266666666
23.629
55.10033333333333
2463.885333333333
115.53466666666667
124.51366666666667
133.3216666666667
41.036
67.68066666666665
33641.541333333334
16.56566666666667
58.885333333333335
18.150333333333332
40.013999999999996
17807.130666666668
2327.287333333333
94.58
36.167
46.56633333333334
72.54199999999999
971.9156666666668
742.5643333333334
103.72133333333333
12177.697999999999
39.404666666666664
35571.29633333333
113.21266666666668
748.7253333333333
276.183
69.30566666666665
88.66199999999999
117.42133333333334
68.75933333333333
1.0516666666666667
72.25033333333333
67.163
24.331666666666667
96.65466666666667
49.419999999999995
100.22966666666666
28.33366666666667
93.53166666666665
54.35333333333333
51.407000000000004
66.83433333333333
3544.412
54.831999999999994
132.74833333333333
15.741333333333332
3528.645
1031.2099999999998
150.76833333333335
47.641333333333336
247.28833333333333
66.95366666666666
52.97133333333333
38.465
282.2486666666667
22.805999999999997
27.641000000000002
41.29
217.17733333333334
34.79233333333333
38.39366666666666
49.40233333333333
256.7816666666667
37137.389
111.53399999999999
51700.639
31.74866666666667
32.876
11.144333333333334
2494.7876666666666
223.91166666666666
77.23133333333332
523.6686666666667
101.231
47.31833333333333
65.42933333333333
12.188333333333333
12.373
609.929
74.88533333333334
217.89000000000001
12.18
2507.501
2739.2473333333332
252.7876666666667
1.021
62.946666666666665
489.0156666666667
251.03433333333336
51.06
134.82066666666665
27.343666666666667
29.676333333333332
62.09433333333333
60.117333333333335
200.355
25.66333333333333
317.9556666666667
351.56899999999996
2547.0833333333335
2746.626
24.842666666666663
62.99066666666667
72.211
36.111333333333334
35.22266666666666
65.661
85.253
126.428
24.232666666666663
320.3333333333333
39.25366666666667
313.102
613.523
47.83133333333333
62.619
49.193000000000005
74.443
199.79033333333334
207.74233333333333
1.1153333333333333
17.433999999999997
29.456666666666667
44.714
189.85833333333332
24.558666666666667
278.1913333333334
26.197666666666667
19.864
17.370666666666665
81.50066666666667
133.56633333333335
24.570333333333334
35.086000000000006
63.657000000000004
14.675333333333333
19.44333333333333
12.716333333333333
103.32966666666668
35.019666666666666
70.27566666666667
16.34433333333333
43.11433333333333
52.86033333333333
36050.56366666666
63.467666666666666
99.22866666666668
63.00366666666667
89.726
25.662666666666667
2729.296
55.955000000000005
120.15500000000002
1.1986666666666668
104.65566666666666
9525.927333333333
117.832
75.40733333333333
74.621
16.966666666666665
566.1313333333334
3519.89
61.77266666666667
185.30466666666666
63.504
39.11933333333334
22.246333333333336
34.58533333333333
64.59466666666667
174.952
8324.974333333334
11360.605000000001
64.34866666666667
20.649666666666665
12.161666666666667
25.36966666666667
74.09266666666666
2516.493
61.83266666666666
52.175999999999995
11.975666666666667
22.265666666666664
108.30233333333332
464.6113333333333
295.65799999999996
106.31266666666666
38.09166666666667
61.550666666666665
35.674
37.67133333333334
32.370333333333335
36.34133333333333
17.488333333333333
15.264666666666665
63.979000000000006
94.207
33.282000000000004
38.391666666666666
369.0783333333333
215.83866666666668
83.30966666666667
19.505333333333333
247.16066666666666
241.014
4.389666666666666
2274.8436666666666
122.19966666666666
305.9943333333333
775.245
56017.69133333333
682.5176666666666
37.711999999999996
24.505666666666666
36.805
92.39433333333334
26.079333333333334
37.998333333333335
35828.564666666665
70.10933333333334
1358.5206666666666
344.47333333333336
200.97299999999998
37.44233333333333
2290.5466666666666
83.867
17.944333333333333
1.0366666666666668
15.160000000000002
11.849666666666666
488.7526666666667
49.518
3543.7406666666666
49.479000000000006
23.468333333333334
19.115333333333336
22.102666666666664
78.814
138.08899999999997
553.0186666666667
4.126666666666667
87.62466666666667
147.65233333333333
49.689666666666675
30.97933333333333
769.0506666666666
48.705000000000005
175.29633333333334
216.42899999999997
23.693
51.55833333333334
45.66433333333333
2308.945333333333
610.6843333333333
26.298
154.0773333333333
147.76133333333334
23.415999999999997
98.74833333333333
34.660666666666664
84.96266666666666
33.47233333333333
25.656666666666666
96.415
23.379666666666665
24.119333333333334
25.222333333333335
115.39433333333334
33533.27
44.442
22.149
163.16133333333335
113.80499999999999
95.832
62.74966666666666
456.19800000000004
16.73566666666667
191.4623333333333
32.26466666666666
68.528
105.72766666666666
8457.339
26.81533333333333
35.13399999999999
48.71633333333333
291.6413333333333
279.524
727.8753333333334
382.73
249.381
22.432333333333332
3199.2630000000004
57.403
251.66599999999997
18.298333333333336
196.6916666666667
48.77700000000001
1043.9713333333332
9442.319666666666
26.590999999999998
20.785666666666668
5.7236666666666665
89.06400000000001
31.438333333333333
32.467999999999996
28.269666666666666
522.945
18.967
33.33533333333333
28.191333333333333
134.94466666666665
3356.9843333333333
26.325
2771.9429999999998
32.19933333333333
28.50666666666667
9968.055
30.029
117.468
50.727666666666664
33.82533333333333
51.88166666666666
43.68266666666667
929.851
28.599
126.30033333333331
96.51666666666665
19.833
62.39666666666667
20.61066666666667
277.51099999999997
94.22966666666667
38.695
87.73533333333334
57.58033333333333
20.305666666666667
35840.03566666667
74.866
24.988
31.956000000000003
21.213333333333335
96.01299999999999
33.38666666666666
33394.753
2167.318333333333
33.52066666666666
306.894
18.14933333333333
19750.684
8330.619666666667
10923.870666666668
1098.97
65.91
4713.553666666667
50493.09900000001
35.174
770.0966666666667
2291.4159999999997
78.33033333333333
61.675999999999995
24.242333333333335
78.62933333333334
11.374333333333334
269.8396666666667
76.859
48.770999999999994
55.73033333333333
24.07466666666667
25.947333333333333
36.18533333333334
81.06466666666667
55.970333333333336
26.773
15.558666666666667
2192.432666666667
72.21766666666667
6.695333333333333
58.668000000000006
10725.705666666667
97.10266666666666
209.412
1093.4063333333334
2423.3906666666667
103.11333333333334
628.6709999999999
426.18966666666665
18090.652000000002
24.10166666666667
1377.9620000000002
22.488
15.256666666666666
647.5196666666667
220.80266666666668
31.36866666666667
193.298
34505.27966666667
22.972333333333335
49.95733333333334
733.525
97.93833333333333
99.40966666666667
62.21699999999999
32.349
63.00566666666666
74.97766666666666
35.76499999999999
751.8683333333333
23.27133333333333
2217.176
7.037333333333333
16.013
51.357
157.91299999999998
15131.546000000002
22.322000000000003
135.05066666666667
7797.908333333334
36.05566666666667
33.41133333333334
48.53033333333334
74.06733333333334
45.11033333333334
22.558999999999997
63.080000000000005
70.65133333333334
57.946333333333335
169.922
121.70400000000001
627.4926666666667
36088.628
1043.023
123.69533333333334
4559.169000000001
276.7283333333333
56.15566666666667
154.36299999999997
25.737666666666666
113.86599999999999
34.31733333333333
83.52766666666666
26.198333333333334
51.273
102.039
213.40866666666668
553.0406666666667
94.84666666666665
328.28933333333333
11026.256666666666
100.08633333333334
7218.403333333333
256.8533333333333
46.568000000000005
17.375666666666664
195.22733333333335
57.33866666666666
57.981
1530.4816666666666
30.008333333333336
153.74433333333334
117.075
84.75533333333334
24.322333333333333
2706.028
25.170333333333332
48.25566666666666
791.1863333333334
684.1643333333333
40.91566666666666
18894.354666666666
81.41766666666668
39.38566666666667
131.40233333333333
32.614666666666665
24.975333333333328
39.815333333333335
36.848333333333336
62.57266666666666
6.971333333333334
283.68
748.465
24.38
53.217999999999996
62.22366666666667
11.846333333333334
57.72566666666666
243.19466666666668
24.211333333333332
2580.0026666666668
76.641
32289.158333333336
25.637666666666664
41.502
38.446333333333335
38.719
21.454333333333334
24.616666666666664
124.52933333333333
51.649
23.305666666666667
2732.16
63.35966666666667
11098.729666666666
262.54866666666663
2250.199666666667
56.205999999999996
773.1683333333334
86.40366666666667
170.1183333333333
35.105666666666664
16.736333333333334
36.14566666666666
40.75266666666666
5.358666666666667
2378.424666666667
20.706999999999997
31199.607333333333
39.958666666666666
17.492666666666665
13.498666666666665
973.2073333333333
784.0906666666666
59.35933333333333
68.515
26.351333333333333
54349.507000000005
64.12066666666666
3422.0563333333334
34.36766666666667
68.14966666666668
260.02866666666665
56.226
47.32533333333333
93.935
24.226
25.070000000000004
24.69666666666667
49.12233333333333
132.101
50.70466666666667
44.312666666666665
1026.2746666666667
46.95733333333334
63.50533333333334
39.97233333333333
23.177333333333333
62.79
16.308666666666667
11280.303666666667
52.06733333333333
65.04833333333333
436.17766666666665
8.918
32.393
245.6446666666667
123.55966666666666
21784.771333333334
14.780333333333333
35.042
21.718666666666667
136.862
52.99366666666666
57.510333333333335
40.472
106.09566666666667
37.786
218.0276666666667
14.746666666666668
45.931000000000004
3679.2566666666667
33.41266666666667
61.73666666666666
4.567333333333333
61.50966666666667
254.3356666666667
31.38733333333333
2707.2729999999997
138.87766666666664
28.793666666666667
67.452
196.40766666666664
183.37133333333335
84.41366666666666
2507.3766666666666
8214.412
27.383333333333336
28.712666666666667
33.21633333333333
36.678666666666665
79.27633333333334
59.662
24.396333333333335
32.18333333333334
76.08999999999999
291.33033333333333
2204.8003333333336
11475.812666666667
102.46966666666667
3756.618
35481.534999999996
60.439666666666675
206.44266666666667
147.07233333333332
0.969
35.348666666666674
160.53833333333333
104.531
317.8673333333333
35149.00033333333
256.558
34.172333333333334
68.51333333333334
272.61833333333334
18.747666666666664
614.2223333333333
11.358333333333334
125.61566666666666
34.681333333333335
57.830999999999996
97.56266666666666
30.86766666666667
62.01866666666666
58.07933333333333
24.060999999999996
1381.6253333333334
32255.67333333333
3547.018
35.720333333333336
28.813666666666666
45.28133333333333
235.88
59.45766666666666
54827.66199999999
45.785000000000004
61.663666666666664
32712.281
23.665000000000003
261.06666666666666
263.788
16.930333333333333
65.72033333333333
74.66433333333333
2397.2980000000002
62.322333333333326
57.452
32.440333333333335
43.422
57.55566666666666
20.09
50.98733333333333
47.53766666666667
25.797333333333338
49.186
266.91333333333336
39.23433333333334
334.108
25.957333333333338
47.51533333333333
83.66666666666667
130.14366666666666
2398.1806666666666
34181.155666666666
310.324
109.28533333333333
15.017666666666665
36.82966666666667
3631.2546666666663
70.75333333333334
284.883
154.33666666666667
30.355999999999995
59.376000000000005
21.739666666666665
10037.084
27.627333333333336
90.52533333333334
24.854
34.099333333333334
19.478
265.48633333333333
34.784
64.96033333333334
24.252
23.069333333333333
28.993333333333336
19.297
53.381
59.38099999999999
75.58433333333333
132.05
38.281
62.35333333333333
36064.09733333333
35.88033333333333
50.31
33.833000000000006
33.525666666666666
24.651
39.40233333333333
19.90533333333333
32.60933333333333
2392.018666666667
620.3576666666667
13.306666666666665
214.37533333333332
55.205000000000005
34.764
328.72133333333335
458.24
95.532
23.206666666666667
215.08666666666667
56.425333333333334
49.10999999999999
2757.729666666666
49.382000000000005
80.006
106.04766666666667
120.31933333333332
70.056
422.8793333333333
25.415000000000003
63.90366666666667
294.14033333333333
207.90666666666667
23.048666666666666
32142.272666666668
380.3666666666666
6.991333333333333
293.59366666666665
45.431333333333335
39.029
2243.759666666667
40.02333333333333
13.213999999999999
41.62766666666666
43.40099999999999
98.995
48.12633333333334
77.48733333333332
64.05266666666667
45.329
22.379666666666665
184.231
24.143333333333334
15.555
86.07600000000001
31.926666666666666
51.73266666666667
17.506
46.46866666666667
11108.423
37.882
18.05666666666667
217.90866666666668
43.26866666666666
180.28733333333335
81.65266666666666
46.87133333333333
75.39333333333333
46.11666666666667
31745.453333333335
541.15
61.681333333333335
764.7393333333333
679.4773333333333
35.44266666666667
66.06633333333333
20.997333333333334
18766.744000000002
428.887
30.923666666666666
98.05799999999999
299.15866666666665
27.888
71.23533333333333
29.833333333333332
56.488
12.050333333333333
15.772333333333334
197.07799999999997
39.12733333333333
257.391
39.73666666666667
15.727333333333334
59.87566666666667
284.57933333333335
31.533666666666665
37.04
25.758
3527.2593333333334
34.76566666666667
320.3126666666667
446.82033333333334
313.62533333333334
4.842
54.76066666666667
79.66733333333333
29.899666666666672
286.11066666666665
438.84066666666666
91.05400000000002
120.76933333333334
596.2486666666666
38.035000000000004
32.031666666666666
34.89333333333334
21022.275
336.60033333333337
28.397000000000002
2344.4689999999996
41.454
74.61566666666667
154.606
19.326666666666664
151.845
33.568000000000005
280.66066666666666
50.458666666666666
27.448333333333334
21031.358333333334
46.160666666666664
36.047666666666665
146.47033333333334
24.013333333333335
82.43966666666667
2294.64
22.49733333333333
24.060333333333332
173.81433333333334
77.54533333333333
76.29366666666667
51.68933333333334
23.721
37.419333333333334
97.90000000000002
48.041
109.08866666666667
16.825666666666667
367.6426666666666
51.687000000000005
3679.868
173.45666666666668
120.59100000000001
34.29066666666666
23.817999999999998
11173.698666666665
238.15966666666668
38.208
0.9813333333333333
198.66233333333332
30.357
2384.0396666666666
25.266333333333332
137.071
32.40633333333333
76.29
4.488666666666667
24.439333333333334
2935.460333333334
199.42366666666666
485.7673333333333
21.147333333333336
74.39366666666668
63.41233333333334
61.67633333333333
50.12733333333333
23.234333333333336
50.513
379.7163333333333
42.53933333333333
63.53633333333334
32.64233333333333
198.956
36.07900000000001
71.395
2125.702333333333
26.993
2540.913666666667
79.27833333333334
219.87266666666665
7.214333333333333
55842.76766666666
33.71
1048.1666666666667
14.586666666666668
151.07566666666665
144.03533333333334
41.6
58.31833333333333
50185.506
154.98466666666664
73.80966666666666
3694.5736666666667
94.13266666666668
37.42433333333333
3636.8950000000004
84.24466666666667
75.96833333333333
35.22733333333333
42.77433333333334
34.31933333333333
190.014
570.4176666666666
11.874
3631.5166666666664
40.010333333333335
40.57833333333333
64.34
447.8496666666667
29.709666666666664
47.31166666666667
36.571
77.22666666666667
70.608
21.318
34.409
277.04999999999995
41.24
479.51433333333335
966.936
97.84233333333333
16.299666666666663
32.595
166.73966666666666
198.83466666666666
31682.643
33.589666666666666
40.40833333333333
31.943
65.75166666666667
35586.191333333336
2319.5213333333336
613.5033333333332
14.298
164.08633333333333
123.28033333333333
55146.34733333334
176.04599999999996
33.06333333333333
40.75899999999999
24.262
53.47833333333333
1501.782
227.69766666666666
167.44533333333334
2953.0916666666667
30.906333333333336
51.906
50.309000000000005
707.7373333333334
36517.36466666667
151.99233333333333
54.633
25.429333333333336
85.53833333333334
60.73333333333333
26.408666666666665
236.68733333333333
93.426
35.085
37.342666666666666
278.4993333333333
62.403
38.73833333333334
321.32733333333334
13.882
97.30666666666667
16.998
38.035333333333334
38.053333333333335
144.59333333333333
59.044333333333334
13.210666666666667
51.542
35.032333333333334
35767.081333333335
1041.147
673.2276666666667
48.37766666666666
43.147333333333336
33.672
41.883
6802.388666666666
31.401
24.513333333333332
27.348
14.940666666666667
36.10633333333333
492.78999999999996
16337.394999999999
53.084
128.24533333333332
21.712333333333333
62.635999999999996
478.8643333333334
126.07933333333334
101.242
28.855
1013.8833333333332
81.48766666666667
214.20133333333334
33.284333333333336
4.501
26.223333333333333
19.110666666666667
29.749333333333336
61.65200000000001
50.96033333333333
20.455333333333332
30.188666666666666
33390.871
228.87599999999998
34142.627
82.15499999999999
3607.2693333333336
129.117
258.651
137.66666666666666
24.732333333333333
5.340333333333334
399.57466666666664
129.66933333333333
35.97166666666667
23.390666666666664
49.625
325.55766666666665
47.335
69.40433333333333
26.658
124.38099999999999
4216.523
58.27866666666667
2839.837666666667
72.354
319.23066666666665
6.527000000000001
43.48233333333334
233.71866666666665
23.326333333333334
52.56133333333333
72.24733333333333
52.49333333333333
22.259
61.14433333333333
321.18233333333336
124.90433333333334
31707.597333333335
101.532
338.15866666666665
33.02
23.67833333333333
32.452
409.15933333333334
23.372333333333334
47.887
111.88833333333332
108.40433333333334
57.205333333333336
49.324000000000005
50.794999999999995
127.60033333333332
1.0466666666666666
13.168333333333331
68.20066666666666
49.361
130.68633333333332
146.12466666666668
744.1963333333333
29.59166666666667
2312.5263333333332
591.674
71.50966666666667
258.5566666666667
91.36399999999999
29.334666666666664
2921.5460000000003
68.16033333333333
31.417666666666666
34382.24333333334
152.36233333333334
67.426
153.44333333333333
64.71933333333332
47.50133333333334
44.73133333333334
35.88966666666667
314.772
86.55399999999999
161.74333333333334
99.53166666666668
66.99733333333334
4808.2
57.64333333333334
698.0316666666666
63.73766666666668
34.40533333333334
56.102
26.10833333333333
73.832
63.60999999999999
42.125
524.4746666666666
25.962333333333333
80.74866666666667
37.06133333333333
17.756666666666664
33.02166666666667
52.089333333333336
32.806666666666665
33.627
54.16166666666666
60.257666666666665
100.85700000000001
19.825333333333333
68.61300000000001
76.50666666666667
892.542
3480.9906666666666
67.72866666666667
198.66533333333334
2895.9646666666667
34.02766666666667
62.040666666666674
26.58666666666667
91.03766666666667
183.54966666666667
70.576
45.94966666666667
88.49266666666666
14.407333333333334
103.14066666666666
13.703000000000001
716.391
567.011
1035.0020000000002
193.1593333333333
93.91333333333334
27.584333333333333
22002.233333333334
49.117333333333335
3539.879333333333
31.027666666666665
343.098
61.314
33866.19533333333
139.19500000000002
68.96266666666666
176.69933333333333
261.86133333333333
36.498333333333335
369.13599999999997
18.916999999999998
124.79566666666666
26.361333333333334
26.482333333333333
38.148666666666664
68.09666666666665
75.50933333333333
168.20666666666668
106.032
82.762
36.946666666666665
27.113333333333333
30.504
166.63566666666665
26.110333333333333
62.544999999999995
71.30333333333334
470.07199999999995
73.41233333333334
33.52333333333333
431.51966666666664
68.016
81.26866666666668
6.490333333333332
50.347
86.05266666666667
9056.371666666666
95.47633333333333
40.43366666666667
24.003333333333334
173.57966666666667
64.472
31897.006333333335
57.98166666666666
36.00066666666667
25.529
189.23933333333335
30.174000000000003
126.694
34386.12966666667
454.596
150.33266666666668
25.10666666666667
72.93066666666667
24.331
20.173
26.768999999999995
34.553
70.71766666666666
192.41133333333332
160.83533333333332
12.768333333333333
91.09333333333335
98.65733333333333
26.958333333333332
32.99766666666667
32.50299999999999
25.124333333333336
19.75133333333333
51.0
92.78466666666667
54.75033333333334
35.92566666666667
16.784000000000002
35.373
51.506
54957.08066666667
81.83933333333334
39.778333333333336
74.98566666666667
5092.09
44.338666666666676
236.23199999999997
61.006
638.4696666666667
122.56933333333332
107.33566666666667
71.18933333333332
16215.939333333334
37.26433333333333
309.65500000000003
239.97566666666668
326.5906666666667
49.26433333333333
1266.3483333333334
123.34133333333334
286.96233333333333
140.94866666666664
155.34633333333332
524.6113333333333
14.84366666666667
38.242
26.072000000000003
3673.991
74.93133333333333
166.88966666666667
123.42733333333332
975.841
3011.3036666666667
51.04833333333334
69.41366666666666
46.066
751.5873333333333
115.62766666666668
224.48466666666664
16247.119
44.029666666666664
86.20800000000001
45.847
762.1156666666666
55.10933333333333
171.14466666666667
17.82166666666667
49.894666666666666
34603.368
751.893
29.706333333333333
106.03366666666666
34.12833333333333
663.1243333333333
36.736
25.703999999999997
38.91166666666667
108.84766666666667
36.27066666666666
30.743333333333336
47.803
100.20266666666667
39.803666666666665
28.740333333333336
275.2753333333333
54.788666666666664
328.9073333333333
35.472
91.80066666666666
304.201
72.467
6695.448333333334
26.467000000000002
123.57266666666665
35.77333333333333
42.171666666666674
2275.0363333333335
66.20700000000001
17.699
35.57866666666666
40.11966666666667
42.427
34.00333333333333
12.022333333333334
35.410333333333334
45.638666666666666
35.15533333333334
33.54666666666667
17.266333333333332
60.62433333333333
177.167
1.0796666666666668
93.413
75.83
10.997333333333335
37.25233333333333
129.917
487.41466666666673
37.75966666666667
1066.9043333333332
36.165
137.15666666666667
36.50666666666667
33.522
6.938666666666666
18.18433333333333
764.0463333333333
20.658
31.478333333333335
70.83166666666666
1528.4646666666667
150.84
30.054666666666666
3.412333333333333
15.807333333333332
19.598
82.64866666666667
36.291
52.59366666666667
30.709000000000003
15.108333333333334
7.644000000000001
25.438666666666666
10519.080333333333
267.55466666666666
86.09233333333333
73.29166666666667
31.616333333333333
45.24366666666666
66.65566666666666
2530.0003333333334
125.04866666666665
33.528333333333336
118.26566666666668
574.8216666666666
77.35166666666667
84.01633333333334
69.27833333333332
84.07766666666667
614.203
67.295
37.473333333333336
169.83666666666667
67.04066666666667
54.77766666666667
277.2606666666666
33.30533333333333
61.904
71.92899999999999
23.580666666666662
210.55666666666664
120.293
135.22033333333334
51967.68766666667
35.03433333333333
26.967
14.950999999999999
87.13499999999999
35.53933333333334
57.39666666666667
76.58366666666666
42.031666666666666
50.83033333333333
3420.1479999999997
245.39266666666666
38.11466666666667
12.701666666666666
67.58300000000001
206.201
2080.7056666666667
35.138
683.2379999999999
226.14966666666666
114.291
36.58533333333333
34.19466666666667
35.77633333333333
3494.5606666666667
11.811666666666667
102.30666666666666
12.319666666666665
732.1886666666666
556.0443333333334
28.58566666666667
259.012
16462.878333333334
4.056666666666667
35.910000000000004
22.593666666666667
38.23533333333334
93.18299999999999
58.11233333333333
34318.07199999999
18.55966666666667
75.985
23.429333333333332
72.65566666666666
34316.57433333333
15.859
15.509333333333332
605.6573333333333
178.54099999999997
35.833999999999996
90.83833333333332
37.32466666666667
189.13333333333333
27.275333333333332
32.198
64.92399999999999
2889.0903333333335
745.476
56.12366666666666
690.2806666666667
10633.897333333334
24.783666666666665
16257.413
43.758
6.255333333333334
37.63933333333333
49.929
355.48166666666674
111.84500000000001
63.19
266.49600000000004
169.449
63.663666666666664
35.352666666666664
31.468
1.0650000000000002
273.742
35.05766666666667
315.09
71.25699999999999
131.59900000000002
53627.14033333334
30.763333333333335
34.285666666666664
35.56466666666667
47.834
98.71766666666667
58.73866666666667
331.62666666666667
21.291333333333334
23.932000000000002
35.424
49.02766666666667
36.177
88.23899999999999
34.00966666666667
406.9246666666667
1089.7083333333333
13.612666666666668
14.126666666666665
143.52666666666667
35.64566666666667
39.782666666666664
31.563999999999997
25.448000000000004
47.171666666666674
29.206333333333333
21.871
325.273
57.25533333333334
35.489
23.338000000000005
23.958333333333332
2374.914
2512.1313333333333
10934.459666666668
65.43966666666667
11.290999999999999
122.783
562.6993333333334
28.87233333333333
116.80766666666666
72.90966666666667
49.12866666666667
23.13233333333333
50.32033333333333
59.334
92.74033333333334
624.9359999999999
864.9466666666667
55.40833333333333
31.488000000000003
306.43266666666665
31.50033333333333
33.04566666666666
9672.592999999999
10.681666666666667
259.9066666666667
38.018
50.266333333333336
36.544999999999995
26.471
60.734
98.46
1022.6586666666666
126.81566666666667
251.70566666666664
3020.8493333333336
55859.402
43.40200000000001
579.3326666666667
268.40633333333335
91.098
27.953999999999997
11998.517666666667
61.23233333333334
68.37
3.646333333333333
109.577
433.8803333333333
119.06133333333332
282.7776666666667
11722.108333333332
97.19033333333333
189.2253333333333
45.20333333333334
53.703
3010.8089999999997
208.136
25.88766666666667
71.782
1044.6736666666666
25.199
33.928
38.778
4.195666666666667
87.55066666666666
229.35966666666664
1573.0876666666666
2561.098
57.202
9944.528333333334
45.028999999999996
56.479000000000006
82.25466666666667
26.89566666666667
50.21
38249.806000000004
32.082
11.996666666666664
78.66233333333334
22.69633333333333
42.391333333333336
13.816333333333333
48.41133333333334
64.5
99.45300000000002
46.31333333333333
28.461333333333332
110.17033333333335
2460.5536666666667
104.47433333333333
122.88933333333334
57.316
22.951666666666664
59.11000000000001
172.51500000000001
108.50333333333333
318.55400000000003
72.81333333333333
179.97133333333332
304.16266666666667
51.46666666666666
37.416
196.458
25.765666666666664
78.41866666666668
53.379999999999995
45.95633333333333
7.696333333333333
149.32000000000002
66.41966666666667
37511.91966666666
696.5219999999999
7.073
52.26866666666666
67.08866666666667
21.685000000000002
110.85633333333334
37.150666666666666
25.573333333333334
546.6333333333333
124.911
22.81266666666667
34240.586
132.182
46.21833333333333
41.917333333333325
36.486000000000004
252.72333333333336
33.543
113.11833333333334
29.442666666666664
32.00133333333333
23.02933333333333
24.089
604.1060000000001
37.589
104.45833333333333
74.733
28.201999999999998
85.13633333333333
136.02566666666667
63.945
10101.614000000001
159.548
27.49266666666667
9.339666666666666
35.166666666666664
26.301
32.54566666666667
28.137
36.084333333333326
93.282
33.36233333333333
74.24966666666666
15.153666666666666
138.69766666666666
20.27
50.184666666666665
124.415
2583.7596666666664
48.034333333333336
632.0426666666667
23.33366666666667
87.82566666666666
103.47266666666667
35.279999999999994
38.032000000000004
2772.659
11065.498666666666
25.642666666666667
48.961333333333336
96.557
77.46166666666666
292.0686666666666
56108.065
37.20166666666666
210.65533333333335
281.91533333333336
72.679
221.02633333333333
23.087999999999997
23.69033333333333
71.50033333333333
16415.744666666666
2306.3843333333334
107.721
88.49466666666666
35.84733333333333
206.98833333333334
11.948
2761.903
30.953
68.60733333333333
20.361333333333334
65.31633333333333
53642.467333333334
89.73
37.68866666666667
595.735
5.396000000000001
25.530666666666665
54.37633333333334
24.58366666666667
21.495666666666665
164.51433333333333
26.781666666666666
74.81333333333333
28.589
20740.02966666667
51.189
1.1436666666666666
799.7973333333333
16.461666666666666
23.064666666666668
81.01299999999999
46.643
11552.217333333334
130.37366666666665
131.14666666666668
35051.278
128.35566666666668
32.391
2359.0696666666668
103.02866666666667
87.12133333333334
14.897999999999998
65.59400000000001
39.12666666666667
81.329
26.779333333333337
31.659000000000002
62.298
22.701666666666668
98.10466666666667
53.834
375.00033333333334
47.663333333333334
34.75666666666667
43.748999999999995
266.7656666666667
163.46666666666667
95.79566666666666
65.23700000000001
206.74433333333332
27.105333333333334
671.319
81.74833333333333
65.42966666666668
25.012
108.59666666666668
63.08233333333334
217.43733333333333
39.51166666666666
74.597
120.41266666666667
65.49966666666666
65.94733333333333
29.323666666666668
34.494
54.02766666666667
75.74933333333333
646.1126666666665
8949.248
64.70733333333332
29.855666666666668
18.989333333333335
17.914666666666665
26.425666666666668
21.403000000000002
103.315
30.346333333333334
41.26733333333333
173.73933333333335
34.769
259.77
293.67
85.46733333333333
989.9879999999999
47.943999999999996
1010.215
18.920333333333332
24.197666666666667
107.97366666666666
19.358333333333334
297.176
68.88033333333333
255.80333333333337
35286.15900000001
25.30633333333333
72.49066666666667
534.3953333333334
42.37833333333333
265.7796666666667
167.47366666666667
110.91399999999999
20.213
56.78033333333334
24.927666666666667
78.22933333333334
45.23333333333333
99.515
137.97933333333333
84.63033333333334
91.71833333333332
61.50033333333334
7.101333333333333
61.604666666666674
12.268999999999998
205.87933333333334
49.571666666666665
119.30766666666666
1.0423333333333333
24.679000000000002
311.22433333333333
769.775
237.2876666666667
35.772333333333336
