107.84066666666668
85.335
48.929
1194.4753333333335
158.27766666666665
31079.908666666666
2209.939
1615.0033333333333
108.49166666666667
42138.814666666665
741.064
179.375
414.19866666666667
6852.02
1731.4873333333333
101.07533333333333
20.153
311.77466666666663
953.7013333333333
258.598
140.49366666666666
311.0536666666667
4455.461666666666
38.77466666666666
3787.206666666667
233.30033333333333
60957.605
17754.993000000002
329.454
23.260666666666665
27.621
6073.750666666667
9569.906
1316804.039
11432.876666666669
17147.024999999998
235.1786666666667
89.84433333333332
99.96833333333332
338.8036666666667
96.09566666666667
402.442
24.031333333333333
253778.11766666666
22688.845666666664
30191.91
14308.148666666666
392.03399999999993
407.634
2870.3366666666666
661.245
245.338
1760.658666666667
135.67233333333334
484.66
249.41366666666667
623.003
515.9319999999999
3637.985
2952.9539999999997
208.32500000000002
145.70899999999997
207.74799999999996
329.61466666666666
404.66200000000003
1845.0176666666666
11826.502333333332
1212.411
36738.494
27072.381999999998
378.3663333333334
376.77833333333336
473.83
450.262
3019.3363333333327
2494.9983333333334
4626.670999999999
581.3850000000001
169.63733333333332
210.75133333333335
397.2833333333333
481007.4296666667
177.12466666666668
1559533.1033333333
21613.263333333332
549.1493333333334
88.33266666666668
200940.03099999996
337.26533333333333
307.90766666666667
422.51966666666664
111.80366666666667
4072.018666666667
3243.9263333333333
1128.738
16240.075333333332
113213.40233333333
31406.484666666667
274.39000000000004
6165.311999999999
461.593
15401.173333333334
30401.466666666664
17675.082
20731.406
1928.2093333333332
360.3983333333333
383.16366666666664
