37
126
80
74
1041
8
1
8
45
27
29
87
28
12
24
1
28
110
24
23
39
43
246
3
48
71
58
153
4
323
64
302
1
118
13
70
11
92
120
136
263
72
8
8
20
265
23
11
12
1
6
35
19
4
21
14
29
14
25
28
1
10
53
12
49
36
138
1
21
1
397
8
23
1
20
111
6
8
13
15
99
19
74
6
55
8
18
5
60
27
134
24
5
38
17
19
10
1
13
5
8
27
20
4
23
44
9
17
4
8
11
8
37
52
31
7
27
52
56
22
22
29
33
47
25
12
19
14
36
134
5
63
7
1
51
27
25
37
27
8
21
25
1
3
7
19
17
4
24
8
18
34
16
5
29
41
26
51
50
4
9
23
7
14
10
26
12
1
19
8
34
9
7
8
9
6
4
8
4
29
6
25
10
17
12
15
28
68
28
5
15
41
18
19
75
12
13
17
1
12
14
12
32
28
9
10
16
2
5
1
21
7
7
17
8
20
1
4
11
25
7
15
8
39
13
26
9
24
8
2
13
20
23
8
8
8
15
23
24
24
12
7
2
9
9
11
12
25
5
22
7
18
3
4
20
11
8
5
10
4
6
7
4
4
27
4
4
19
17
12
3
6
10
12
18
10
10
10
24
2
3
2
35
14
13
12
23
5
7
3
5
3
8
4
4
8
29
5
5
9
10
12
7
10
8
29
2
10
11
7
4
16
7
10
7
10
13
6
17
12
10
8
5
6
5
10
8
12
7
6
11
20
6
3
6
7
9
5
2
5
5
5
7
6
6
4
3
4
6
3
5
2
8
3
3
2
4
9
5
4
6
2
1
3
4
4
3
1
1
1
1
