148.45233333333334
146.08
163.44566666666665
172.8983333333333
1463.3123333333333
5499.704999999999
2853.3986666666665
9754.236666666666
659.8063333333333
563.918
1103.4589999999998
2813.6553333333336
1683.564
3288.7883333333334
1847.5603333333336
2969.2586666666666
1769.339
1849.0043333333335
10378.230666666668
3836.293
2300.7323333333334
5479.3893333333335
5306.382333333332
4397.806
3013.895
3159.6876666666667
2395.785
3595.258
2886.4473333333335
8181.222333333334
1038.217
1003.456
3588.084666666667
916.7363333333333
701.7813333333334
1248.44
1853.0756666666666
1037.003
2107.289666666667
1284.9753333333333
23259.824666666667
10713.360999999999
27054.35533333333
3754.448
3156.349
3525.9240000000004
6352.126666666667
4946.734333333334
14586.152333333333
10129.031333333332
10698.651333333333
7556.882333333334
1656.4530000000002
1786.9620000000002
1836.5919999999999
2366.909
1578.686
176832.951
2291.083
703131.1683333333
32300.060666666668
7883.321333333333
10958.044999999998
8993.796333333334
2404.1283333333336
4361.046
3907.5490000000004
2297.3366666666666
2296.739
19420.566000000003
