181.33466666666666
2754.983333333333
33377.72233333333
3790.5446666666667
2048.9203333333335
1152.0416666666667
1665.9659999999997
106.31866666666667
362.493
132.17333333333335
1348.8276666666668
1154.514
5410.005666666667
173.64733333333334
3156.851
3455.6030000000005
249.07666666666668
358.363
4963.282666666667
169.34366666666668
571.0436666666666
2814.1516666666666
2916.5266666666666
236.4126666666667
222.694
182.79066666666668
8172.681
143.42233333333334
2018.0136666666667
172.10333333333332
231.17766666666668
2825.7523333333334
3479.969333333333
9795.772666666666
7220.867333333333
5866.631666666667
1814.871
282.43333333333334
117.20600000000002
1297.326
5236.171666666666
794.1599999999999
2550.4926666666665
275.37333333333333
174.874
1450.251
1410.7
1303.506
1716.0963333333332
2406.768
4927.663333333333
611.1106666666666
1378.8136666666667
3136.578666666667
176.81266666666667
10107.944666666668
1135.9563333333333
214.19233333333332
124.83133333333332
4228.485333333333
293.7223333333333
169.28633333333335
1273.9583333333333
165.20433333333332
251.404
176.70600000000002
2458.0426666666667
337.05966666666666
1061.5026666666665
1592.0813333333335
628.4653333333333
1674.9416666666666
4049.547
214.53133333333335
1541.243333333333
1669.8909999999998
1287.8543333333334
289.37066666666664
2383.1723333333334
2056.4069999999997
1863.8203333333333
1779.1593333333333
1587.9620000000002
2558.4906666666666
178.49333333333334
1727.2043333333331
1762.676666666667
222.57966666666667
1552.1893333333335
284.71666666666664
275.003
293.53
361.3913333333333
4093.3830000000003
356.65799999999996
108.12533333333334
6238.390666666666
1058.6393333333333
1159.7576666666666
177.8083333333333
5479.048
2426.139333333333
1334.0386666666666
2247.9249999999997
8220.648333333333
170.951
276.96366666666665
718.4676666666666
1562.929
1322.189
580.6553333333334
3155.943666666666
3443.4706666666666
2870.244666666667
174.85266666666666
177.43066666666664
5664.643333333333
5490.421666666666
1011.0933333333332
2463.4076666666665
3784.4696666666664
2038.0073333333332
488.3636666666667
223.67500000000004
13856.524333333335
369.3643333333334
1597.6643333333334
163.47833333333335
1440.0456666666669
175.82500000000002
396.5886666666667
587.8386666666667
1808.0626666666667
1551.2866666666669
3270.7883333333334
1803.7186666666666
21502.245333333336
1965.1523333333334
2164.4959999999996
2231.5993333333336
6577.581333333333
179.93633333333332
1501.9723333333334
375.54466666666667
411.243
2864.036666666667
1648.049
196.55566666666667
2554.6453333333334
1800.4323333333334
139.87133333333335
2085.933
5915.883333333334
1876.5466666666669
263.4476666666667
1262.4406666666666
15789.054666666669
2213.6603333333333
331.8856666666666
236.29333333333332
1346.2106666666666
1631.6256666666668
1614.8043333333333
2150.3913333333335
178.94466666666668
469.89799999999997
1236.289
179.53833333333333
1290.9489999999998
1299.513
177.82333333333335
174.2806666666667
125.29633333333334
1334.2496666666668
27506.588666666667
284.6213333333333
1654.3496666666667
1383.8253333333332
183.57600000000002
1370.8043333333335
230.456
7331.073
11455.956
162.769
1537.8736666666666
5428.322999999999
13089.204333333333
961.2373333333334
3050.4779999999996
2008.009
1759.0213333333334
849.3389999999999
843.7370000000001
184.43266666666668
725.4526666666667
1396.8733333333332
1839.7246666666667
655.6703333333334
116.245
195.58933333333334
6932.044333333334
1647.0863333333334
363.944
2474.4339999999997
139.84433333333334
212.25666666666666
2660.2893333333336
2254.291333333333
175.9093333333333
7493.029666666666
1069.2176666666667
210.46433333333334
263.17699999999996
4269.297666666666
1548.0373333333334
421.9253333333333
2255.18
3326.426
252.148
1333.644
3155.7593333333334
2153.6153333333336
235.81733333333332
3921.293333333333
2517.211333333333
164.04399999999998
1112.2673333333332
145.48233333333334
1715.9863333333333
1448.71
1868.903
5287.473999999999
2003.9046666666666
1610.4646666666667
196.415
296.15366666666665
2984.1396666666665
5863.312999999999
145.67366666666666
247.89466666666667
5097.011666666667
3508.6463333333327
159.931
172.75733333333335
1659.4089999999999
434.07099999999997
126.08533333333334
607.62
549.5543333333334
592.2666666666667
335.442
409.80466666666666
186.33033333333333
146.934
253.854
174.29433333333336
3080.1363333333334
142.39966666666666
557.428
123.82966666666665
1023.1133333333333
206.54999999999998
1681.5356666666667
8518.759333333333
3415.9426666666673
214.12166666666667
3067.515
7199.081999999999
805.8083333333334
8925.586333333333
2932.771666666667
3943.6216666666664
6038.6320000000005
213.89133333333334
153.39066666666668
182.83333333333334
372.76533333333333
1086.7296666666668
276.59566666666666
1346.945
167.912
1739.7939999999999
1675.9579999999999
1632.0386666666666
3114.180666666667
201.16866666666667
114.94866666666667
5447.893999999999
1897.6663333333333
7244.873333333333
2008.8680000000002
1529.6246666666668
172.8663333333333
210.79466666666667
4177.2519999999995
1373.2313333333332
796.8406666666666
128.819
3278.0856666666664
2543.393
1106.1086666666665
1973.7293333333334
2247.9103333333333
3307.6966666666667
177.87833333333333
171.26233333333332
155.18733333333333
1924.1803333333335
2487.406333333333
1989.015
179.88
544.0023333333334
159.77866666666668
853.3563333333333
106.30466666666666
4236.0289999999995
4124.292
142.174
290.8923333333333
297.5213333333333
1284.5693333333331
319.50100000000003
4370.983
5989.283333333333
1930.0256666666664
640.261
7629.593333333333
178.48933333333332
2004.728
594.7823333333334
1363.8563333333334
519.3843333333334
172.9716666666667
155.35466666666667
2548.311
4243.929
186.33366666666666
887.4033333333333
4780.302333333334
1109.829
147.65133333333335
1386.8816666666664
229.56966666666668
343.42833333333334
7123.611666666667
1370.7340000000002
192.35566666666668
1995.4936666666665
249.035
206.5776666666667
175.78666666666666
2123.962
165.976
1454.164
179.681
776.0163333333334
1142.1343333333332
3958.051
270.32
736.2406666666667
2046.948
11045.705333333333
4049.793
187.95466666666667
2644.1389999999997
2019.4063333333334
793.828
2147.256666666666
3042.7046666666665
3223.181666666667
2407.43
174.28666666666666
145.64266666666666
282.84633333333335
9849.63
190.7396666666667
2713.127
1066.5539999999999
473.51800000000003
190.10433333333336
115.22366666666666
1936.0996666666667
3064.969333333333
17094.981333333333
537.5823333333333
1348.6729999999998
217.13966666666667
706.1073333333334
120.83866666666665
1092.1070000000002
1486.8220000000001
839.0300000000001
2397.65
10411.034666666666
5619.850000000001
1627.8003333333334
819.395
307.86133333333333
240.46633333333332
661.1216666666666
4011.7206666666666
1093.7523333333334
9342.623
1376.5486666666666
184.47633333333332
1982.0249999999999
1587.4173333333335
236.40966666666668
2263.296666666667
349.41533333333336
198.37933333333334
2117.2980000000002
245.91099999999997
5199.574666666666
521.0793333333332
2219.9190000000003
1110.0816666666667
1817.5413333333333
373.74933333333337
177.981
7740.438666666666
1607.061
1578.3533333333332
2252.116
186.36333333333332
1199.8426666666667
2383.948
221.46233333333336
2239.6576666666665
290.1186666666667
108.37333333333333
289.66
3469.818333333333
2031.0433333333337
7885.567333333333
213.63033333333337
7691.451
1793.4203333333335
1767.1376666666667
7400.515666666666
5122.591666666666
161.99233333333333
247.03633333333335
5245.448333333333
381.829
1215.7943333333333
3101.361666666666
186.16433333333336
147.87266666666667
3867.7093333333337
7238.05
271.43833333333333
204.054
836.4380000000001
2953.6516666666666
305.70233333333334
2249.199
326.3256666666667
218.77466666666666
8123.752333333333
14901.897333333334
10637.426
171.26
1528.4336666666666
250.2353333333333
149.74766666666667
151.01933333333332
1714.147
2713.904
646.4689999999999
2442.228333333333
3267.9083333333333
190.563
3877.367
9002.025333333333
3598.6469999999995
1615.6593333333333
253.05466666666666
3928.980333333333
721.1716666666666
1398.542333333333
2655.6293333333333
109.366
534.1213333333334
188.886
1687.8093333333334
7122.768000000001
283.4963333333333
193.39166666666665
467.211
2875.937
292.6266666666666
169.60366666666667
123.94466666666669
2597.047666666667
1151.6266666666668
1349.0536666666667
19887.927333333333
3303.2019999999998
3546.124
208.71133333333333
283.6743333333333
669.198
2491.5873333333334
4060.7299999999996
2297.5
31808.624
2326.8856666666666
184.563
2289.137
4000.5146666666665
321.41166666666663
2262.4066666666663
182.354
2483.5196666666666
1308.385
103.81633333333332
1349.0293333333332
4801.961333333334
190.2686666666667
317.0796666666667
2309.6683333333335
574.5733333333334
187.96900000000002
180.66866666666667
38155.149
1003.0183333333334
3230.0589999999997
107.694
2605.6583333333333
6333.071333333333
1399.8503333333335
1020.8586666666666
219.80466666666666
1762.5376666666668
3818.076333333333
3327.6093333333333
2924.567333333334
2617.6316666666667
183.37266666666665
982.3800000000001
231.17399999999998
1866.7856666666667
1590.755
167.75433333333334
216.09433333333334
1741.9093333333333
3703.7926666666667
1644.9496666666666
1074.4186666666667
3275.563
2555.402
1726.167666666667
1384.11
261.13033333333334
5176.622666666666
201.208
2844.53
12317.587999999998
5936.582333333333
1341.7536666666667
609.853
1563.3606666666667
1382.8036666666667
291.486
443.78433333333334
237.18200000000002
4283.6483333333335
6668.039
334.613
1315.0373333333334
975.987
1070.9246666666668
36663.37666666667
129.535
3008.002333333334
4543.438666666667
518.3796666666667
261.943
114.13633333333333
7519.171666666666
132.11299999999997
674.1683333333334
2685.5343333333335
4342.053666666667
562.1143333333334
281.266
142.77200000000002
1658.912
145.25300000000001
431.85699999999997
307.949
207.369
2205.6133333333332
194.235
2027.5676666666668
1790.3163333333334
200.35433333333333
896.219
1467.1776666666667
1956.9233333333334
2538.419
5107.608666666667
186.668
172.32166666666663
2590.4990000000003
3919.354666666666
2253.6983333333333
279.94266666666664
179.9086666666667
1898.8866666666665
13375.283000000001
994.5709999999999
3072.982666666667
901.598
5463.260666666666
2557.8863333333334
182.33633333333333
2594.266666666667
2282.8700000000003
1813.2549999999999
235.33
681.7083333333334
367.73566666666665
300.1033333333333
123.47133333333333
988.2393333333333
4418.674333333333
3710.420666666667
1158.6013333333333
150.32333333333332
14165.024666666666
216.49866666666665
197.45466666666667
153.17366666666666
244.12933333333334
328.32099999999997
261.6376666666667
6637.116666666666
250.25766666666664
248.59033333333332
2672.438
176.71633333333332
360.6743333333334
8342.413666666667
2053.5176666666666
917.284
2466.002
253.6773333333333
8016.279333333333
8392.207333333332
386.72499999999997
115.49966666666667
4961.193666666666
225.96166666666667
166.84400000000002
526.1236666666666
180.32166666666663
258.827
283.08
131.06233333333333
3433.578666666667
1978.8296666666665
1743.3003333333334
1461.7893333333334
810.5976666666666
3130.9900000000002
156.38966666666667
274.97566666666665
1666.2753333333333
294.9886666666667
912.7303333333333
192.53866666666667
121.03366666666666
7588.792666666667
2640.029666666667
739.2896666666667
4036.0733333333337
1834.1753333333334
168.93633333333332
11205.788333333332
174.23466666666664
2274.713333333333
3776.466
2170.6486666666665
6813.462666666666
7539.626
1792.3856666666663
994.0486666666666
1119.1796666666667
1835.8083333333334
2663.0623333333333
1118.1886666666667
5271.837333333333
2418.4893333333334
2183.1479999999997
1211.6003333333335
414.10999999999996
187.19933333333336
2098.616666666667
2145.304
1471.6146666666666
2898.4616666666666
4088.8566666666666
11488.701000000001
186.38400000000001
186.765
177.31866666666667
151.84366666666668
1096.8123333333333
4732.221666666667
5088.261333333334
227.37633333333335
4298.483666666666
1724.5333333333335
1894.368333333333
534.7836666666666
11879.028333333334
177.00066666666666
9870.099333333334
178.92200000000003
2173.845
112.86166666666668
4083.5320000000006
7142.468666666668
624.1396666666666
2904.6569999999997
182.08
4136.458666666666
1262.3423333333333
1454.9023333333334
29057.22266666667
5267.638
3309.3763333333336
763.0593333333333
2154.532333333333
676.7613333333333
1903.8143333333335
169.39533333333335
2849.538
7083.998666666666
1511.4146666666668
787.656
5254.131333333333
3917.2893333333336
1408.7266666666667
132.86133333333333
2553.946
2307.7613333333334
9876.082333333334
897.698
335.6803333333333
3263.757
1591.4456666666665
629.4419999999999
188.62699999999998
181.367
164.441
358.0063333333333
180.26266666666666
106.35000000000001
1690.6253333333334
1302.1116666666667
166.80499999999998
3088.977666666667
290.56
1745.0223333333333
273.34233333333333
3650.7690000000002
2578.5806666666667
6806.090666666667
195.24466666666663
14941.924333333334
2660.0146666666665
4369.467666666666
501.664
336.567
1718.5066666666664
989.2826666666666
8926.414333333334
819.516
1133.495
345.07166666666666
2056.277666666667
18019.129
5980.605333333333
1126.892
4069.287666666667
1373.7203333333334
3505.5589999999997
175.191
1379.104
215.23066666666668
1577.9083333333335
11889.709
17511.748333333333
1456.9276666666665
2289.199
352.04033333333336
258.6416666666667
2745.235
150.03733333333332
995.2643333333334
2967.6226666666666
35905.46833333333
2512.8396666666667
255.85133333333332
3858.7513333333336
4520.25
1283.2273333333333
1705.135
6781.507999999999
3026.4663333333333
269.65766666666667
1962.3770000000002
251.86066666666667
146.9846666666667
358.24166666666673
2670.5956666666666
1740.2103333333334
1128.6763333333333
107.93933333333332
1050.8533333333332
181.22166666666666
3534.2073333333333
125.488
165.8226666666667
5479.655666666667
314.5586666666666
372.23766666666666
192.15200000000002
129.40966666666668
230.03600000000003
260.813
3471.6620000000003
237.21166666666667
1138.5946666666666
1243.2060000000001
190.9666666666667
1077.8056666666669
414.49333333333334
2962.541333333333
209.99966666666668
2223.316666666667
169.56366666666668
408.5506666666667
3342.1450000000004
241.4573333333333
145.14633333333333
123.639
155.096
130.03233333333336
10580.757666666666
1708.0763333333334
191.867
1151.8770000000002
2101.2636666666667
279.1383333333334
881.4703333333333
685.5936666666666
170.9896666666667
10549.497666666668
190.63700000000003
2622.220333333333
561.1936666666667
1416.353
3322.3860000000004
5987.265666666666
289.982
2240.2980000000002
240.32166666666663
139.20499999999998
1942.7396666666666
2017.9446666666665
8072.691333333333
1404.272
392.8403333333333
491.2663333333333
108.24566666666665
1273.1716666666669
1440.0523333333333
227.667
177.69066666666666
2554.902333333333
1712.9193333333333
1631.4489999999998
1763.6463333333334
2414.3586666666665
6816.772
110.09066666666668
6480.340666666667
182.6833333333333
301.2853333333333
3204.221
1315.7286666666666
264.9033333333333
250.66033333333334
576.5799999999999
128.32066666666665
1395.6776666666667
4507.761333333333
5284.617666666666
254.98933333333332
242.09466666666665
206.24166666666667
206.21766666666667
223.585
1532.2
2510.528
1862.946
143.19266666666667
240.99966666666668
4076.086333333333
932.5753333333333
176.40866666666668
3479.3433333333337
1426.8076666666666
3038.9193333333333
1330.7416666666666
1138.5906666666667
62.199666666666666
373.913
660.2473333333334
6410.857333333333
257.01133333333337
1361.7389999999998
3483.988
3924.9780000000005
1325.2046666666665
1077.8566666666668
189.63833333333332
1917.05
1012.9176666666666
1936.7879999999998
124.401
168.18033333333335
1664.1453333333332
2273.156333333334
2887.5783333333334
157.504
1230.3010000000002
331.48766666666666
13338.113
180.12833333333333
485.2763333333333
2046.665
1217.7666666666667
3930.6766666666667
214.846
197.19066666666666
2159.691666666667
2187.2303333333334
998.765
351.9436666666666
1741.0566666666666
3905.579
1472.1286666666667
2089.131
4991.492333333333
2959.765
200.35500000000002
186.72433333333333
273.223
174.42366666666666
202.27200000000002
1997.1586666666665
175.65666666666667
249.81466666666665
1992.7223333333332
1433.9783333333335
4977.268999999999
17158.220666666668
1818.1056666666666
183.82833333333335
1220.4316666666666
2331.114333333333
141.73233333333334
4365.709
1259.2716666666665
1987.738
104.23733333333332
7229.3
2315.404
830.2543333333333
211.9286666666667
104.28866666666666
2191.866
2543.0546666666664
3934.1336666666666
7652.350333333333
253.47133333333332
6552.826666666667
4819.737
321.333
140.69466666666665
5300.884999999999
200.8516666666667
4170.187333333333
2236.8733333333334
852.2420000000001
206.0716666666667
171.7023333333333
3814.0560000000005
4615.8949999999995
212.18166666666664
5717.402000000001
1738.3910000000003
3542.132
115.90533333333333
200.65566666666666
3095.7106666666664
3137.211333333334
2475.4809999999998
208.89233333333334
166.24066666666667
9424.933666666666
173.24266666666665
233.87866666666665
6196.4800000000005
515.3053333333334
207.26666666666665
362.98900000000003
200.47633333333332
1605.3226666666667
3723.931
1465.6046666666668
1815.1583333333335
4587.678
964.6786666666667
349.33200000000005
987.841
421.2936666666667
1437.2053333333333
3573.752666666667
3236.0190000000002
7496.889666666667
2169.7063333333335
5023.537
616.6983333333333
2357.3166666666666
7647.488
1767.5176666666666
189.487
214.79933333333335
150.73266666666666
1785.5636666666667
2290.6873333333338
142.39266666666666
165.15633333333332
262.60699999999997
113.08633333333334
458.8296666666667
132.23633333333333
174.669
9534.850333333334
1933.2836666666665
195.09033333333332
106.56066666666668
1472.7936666666665
253.38466666666667
2481.4383333333335
2633.1193333333335
200.125
6308.732333333333
1875.5363333333332
2195.879
1429.6673333333335
207.64566666666664
3297.933333333333
177.65133333333335
135.58366666666666
8133.973999999999
8023.7429999999995
221.19933333333333
209.79999999999998
1389.6936666666668
1878.6533333333334
171.913
199.01466666666667
174.80766666666668
137.17733333333334
2880.630333333333
225.24499999999998
23695.104000000003
180.57366666666667
2337.8813333333333
1652.925
275.5463333333333
442.52833333333336
1516.3986666666667
2746.378666666667
3279.896666666667
1931.9213333333335
227.4416666666667
216.6063333333333
7910.126666666667
152.965
1278.28
189.87466666666668
3332.003
172.09233333333336
191.5856666666667
152.28366666666668
11600.022333333334
172.25633333333334
4231.490333333333
200.78166666666667
168.38566666666665
285.15900000000005
6592.21
803.6136666666667
1763.43
1303.8386666666668
15276.606666666667
1692.457
10982.633666666667
271.94100000000003
250.2686666666667
1309.193
1957.7656666666664
160.1593333333333
274.796
4176.3983333333335
292.4676666666667
205.58033333333333
1110.0226666666667
3962.5236666666665
285.23
2724.695
189.80999999999997
181.62066666666666
109.57800000000002
125.05933333333333
2490.2243333333336
599.846
3641.596
806.6336666666666
1488.2839999999999
8463.877666666667
4400.899666666667
3117.5893333333333
1783.3633333333335
303.53566666666666
5183.499
216.31366666666668
726.631
18331.930333333334
247.259
301.0516666666667
4032.5930000000003
760.281
218.85300000000004
3991.918333333333
186.843
1812.7333333333336
2657.953
4082.3646666666664
390.19233333333335
5158.14
1763.7353333333333
1299.4763333333333
5487.81
3073.1516666666666
614.4803333333334
276.7373333333333
1620.9383333333335
275.295
8628.048666666667
2251.2026666666666
147.20466666666667
1204.0383333333332
2787.082
1406.6906666666666
1906.3833333333334
16392.069333333333
2929.574666666666
1435.6853333333331
8378.238
182.07033333333334
1324.0056666666667
1377.5083333333332
2244.0
6244.632333333334
2460.1396666666665
1437.14
1840.305333333333
217.90833333333333
994.7223333333333
5592.928
173.929
267.51666666666665
1761.590666666667
2670.701333333333
1703.9593333333335
2324.706666666667
2384.5823333333333
8895.516333333333
8040.467
3393.7066666666665
6316.3853333333345
7151.144
168.41733333333335
1107.9830000000002
1033.76
190.12866666666665
200.93633333333332
14459.861666666666
193.56133333333332
3381.6226666666666
2223.6826666666666
2328.9426666666664
5758.153333333333
120.84333333333332
6837.900000000001
715.5453333333334
1835.161
203.91133333333335
7084.657333333334
186.07466666666667
2315.9719999999998
206.8023333333333
6976.14
4224.095333333334
136.746
216.94033333333334
193.4673333333333
179.54266666666663
189.89166666666665
3528.731333333333
1265.8383333333334
2423.7176666666664
275.114
1412.1886666666667
177.864
3073.3903333333333
526.504
4108.395
9223.382666666666
1749.1899999999998
240.39466666666667
2658.9796666666666
221.20533333333333
391.84200000000004
1569.055
2005.1636666666666
1354.5373333333332
373.31300000000005
2617.7033333333334
1959.9083333333335
226.99833333333336
7139.148
15790.481666666667
1895.8686666666665
2330.5906666666665
196.70400000000004
223.82000000000002
175.018
2544.9816666666666
1629.9669999999999
177.871
15723.732666666669
2918.869666666667
187.06733333333332
1423.8006666666668
503.69966666666664
9728.972
4986.941666666667
12381.847666666668
257.25399999999996
8488.368
2367.0316666666663
2111.9956666666667
6514.186333333334
111.29433333333334
682.753
6252.9710000000005
1794.2653333333335
225.20733333333337
176.32233333333332
4777.422666666666
176.09833333333336
1543.5963333333332
14256.685666666666
4398.1320000000005
5327.282666666667
2884.487333333333
5536.710666666666
2766.135
4453.607
193.84133333333332
265.25533333333334
120.46866666666665
2388.610666666667
3171.337666666667
586.9749999999999
1761.6080000000002
192.14466666666667
1651.0926666666667
370.4636666666667
105.49766666666666
990.224
2739.633333333333
1586.327
2800.0696666666663
204.638
215.07366666666667
7090.622
8904.635666666667
306.9053333333333
382.1186666666667
1414.925
821.6226666666666
286.96566666666666
8809.039333333334
2616.8483333333334
4011.3940000000002
4552.817666666667
66.55399999999999
5071.959333333333
31236.659333333333
2882.217666666667
1758.5606666666665
4649.162
2475.1776666666665
1926.705
190.09133333333332
2157.135333333333
701.003
233.01666666666668
1268.1143333333332
686.415
1261.6000000000001
220.9693333333333
6263.6089999999995
178.63233333333332
3628.4323333333327
2881.992
533.3233333333333
1704.2226666666666
5655.169333333334
252.29
179.08066666666664
2860.855
191.17100000000002
2784.47
201.31733333333332
247.10233333333335
5757.597333333334
206.548
372.4433333333333
2481.695333333333
2700.538
4502.686000000001
2631.1856666666667
29190.042666666664
2827.7863333333335
896.3370000000001
14009.445
6184.156666666667
274.246
260.98933333333326
216.03133333333335
2471.7173333333335
4919.411666666667
1524.2056666666667
2222.2496666666666
626.141
7891.938666666666
882.7706666666667
1852.0040000000001
5437.768333333333
212.70399999999998
1410.1689999999999
179.417
2266.444
485.41900000000004
497.4833333333333
9321.878333333332
2773.071
3750.781333333333
258.86033333333336
1074.3433333333332
2225.4103333333333
4384.745333333333
804.4706666666666
198.17433333333335
169.957
4121.178
1028.3643333333332
256.286
1461.9343333333334
2914.547
2115.4806666666664
2169.211
2399.9739999999997
2521.976666666667
822.5123333333335
1901.8400000000001
3287.123
180.48600000000002
2808.8816666666667
3850.2393333333334
193.71733333333336
4763.142666666667
3763.827333333333
1606.3253333333332
1990.8113333333333
1425.6543333333332
1556.1936666666668
2023.9073333333333
1331.6233333333332
232.17099999999996
7448.4636666666665
1745.6736666666666
1332.844
192.27866666666668
3430.981333333333
8618.684000000001
3515.872
191.24233333333336
1765.171
31898.906666666666
2506.2033333333334
1332.1456666666666
200.495
1755.9173333333335
3974.619666666667
6127.480333333333
1708.6853333333331
5610.631
5417.673666666667
3584.513333333334
173.12466666666668
1671.881
2015.8903333333335
642.2226666666667
1992.7990000000002
5428.328666666667
12407.836333333335
176.2603333333333
1573.4080000000001
205.00900000000001
3236.7966666666666
4530.684333333334
2706.3613333333333
1769.1163333333334
5975.407
1313.5529999999999
3677.5679999999998
164.80499999999998
2007.7073333333335
4420.057333333333
678.6633333333333
14800.120666666668
2155.2423333333336
938.1063333333333
3743.4983333333334
3401.7853333333333
3660.65
1272.067
2402.6020000000003
118.82366666666667
1297.948
4473.439333333333
2638.398333333333
982.8366666666667
6509.369333333333
223.98866666666666
1350.3253333333332
8221.350666666667
1307.1263333333334
3724.2486666666664
869.0336666666667
161.43233333333333
182.84399999999997
204.648
2578.217666666667
1087.47
198.8116666666667
224.91666666666666
1304.6473333333333
2563.869
1079.148
5234.109
2051.5623333333333
2225.151
2848.8033333333333
8304.142
1478.4350000000002
4000.4573333333333
295.0333333333333
179.53999999999996
9385.141
1390.0443333333333
2822.7353333333335
173.66099999999997
2484.8889999999997
2283.5423333333333
1467.1900000000003
568.692
7739.724999999999
168.82833333333335
4642.343
989.5300000000001
2638.2176666666664
3677.7766666666666
1914.6646666666668
7577.251
847.2723333333333
174.17600000000002
1240.8226666666667
197.10933333333332
2833.602333333333
3030.0613333333336
2968.498
3823.913666666667
280.7733333333333
3580.0183333333334
4014.197666666667
2539.748666666667
1376.5763333333332
2430.377
1778.6943333333331
947.2936666666666
2976.2496666666666
4941.198666666667
236.85366666666667
186.558
169.16400000000002
1762.2506666666668
1922.974
199.942
1906.2383333333335
997.5873333333334
1965.845
1577.3316666666667
1114.428
347.84999999999997
3140.7453333333337
281.961
170.82933333333335
4224.994333333333
322.368
1422.7776666666666
996.0316666666668
2380.9443333333334
2031.5683333333334
1680.7473333333335
170.35433333333333
3177.7386666666666
1930.2146666666667
8187.3656666666675
903.5136666666667
2154.971666666667
779.4593333333333
188.35733333333334
3278.6246666666666
2374.913
215.583
202.1063333333333
15385.974333333334
1894.5336666666665
1916.9166666666667
2715.5533333333333
4746.097000000001
4134.082
252.71533333333332
3154.5716666666667
2050.1380000000004
189.20366666666666
117.61899999999999
3246.843666666666
6222.6353333333345
1570.8136666666667
2500.634
204.90833333333333
146.818
3541.0693333333334
1548.875
305.62533333333334
1203.8403333333333
2647.6246666666666
467.47499999999997
1039.1573333333333
181.49933333333334
236.711
3654.6066666666666
2940.876
2882.8416666666667
4806.553666666667
185.92999999999998
1313.9516666666666
3977.0519999999997
283.113
1819.9583333333333
2003.6276666666665
273.9273333333333
266.896
2850.9240000000004
1474.6270000000002
6702.260666666666
283.97766666666666
1729.6933333333334
119.78533333333333
973.4456666666666
4596.985
1574.3149999999998
196.35533333333333
4745.308666666667
160.35766666666666
204.47833333333335
245.04266666666663
115.32166666666667
1094.0016666666668
2296.670666666667
1433.152
350.3256666666666
2476.456333333333
1666.6483333333333
2599.078666666667
111.87533333333333
179.96933333333334
3712.109
2053.3203333333336
1944.5403333333334
5511.019
2247.1839999999997
1957.7396666666666
1766.978
604.868
610.2663333333334
956.5663333333332
210.26266666666666
188.72266666666667
1190.9463333333333
1818.5516666666665
252.71433333333334
272.212
164.21966666666665
1594.9793333333334
195.37900000000002
111.50933333333334
161.29
4290.084666666667
1317.9863333333333
2332.3216666666667
1271.5130000000001
530.7323333333334
8761.918666666666
4814.720666666667
8203.16
201.39166666666665
1362.7113333333334
559.1796666666667
176.03700000000003
177.13899999999998
2834.988
8517.294
4086.818333333333
3529.106333333333
364.421
1978.3213333333333
4026.339
170.45266666666666
5936.968666666667
1472.9523333333334
1735.445
9978.605666666668
4443.882333333333
3075.5956666666666
176.52433333333337
158.29833333333335
5666.631
6849.579666666667
1882.1343333333334
187.91866666666667
1653.6263333333334
15055.233666666667
131.37033333333332
17119.680333333334
2646.4950000000003
2335.1113333333337
108.228
2217.754333333333
205.205
489.53566666666666
3091.744666666667
181.57433333333333
4065.3546666666666
274.365
953.2616666666668
185.39000000000001
188.06799999999998
2682.502
2312.4553333333333
7475.321333333333
4674.2266666666665
7745.275333333334
618.7233333333334
5472.057
228.59233333333336
260.5226666666667
1769.5866666666668
1910.2136666666665
223.51733333333334
253.53933333333336
197.98166666666665
171.64899999999997
2103.5736666666667
672.9996666666666
182.611
1308.9393333333333
977.3453333333333
2660.116666666667
747.1999999999999
13684.843666666668
693.4373333333333
145.11300000000003
823.9743333333332
2389.142
163.7793333333333
179.81033333333335
10576.296666666667
3991.0293333333334
2975.726666666667
1277.1313333333335
5629.741666666666
196.37333333333333
174.02666666666664
254.3096666666667
7074.579999999999
1521.3076666666666
1314.1719999999998
204.585
4537.948666666667
5072.5960000000005
3770.3036666666667
2747.555666666667
2172.401
4257.484666666666
1858.1113333333333
2808.1803333333332
1791.5356666666667
273.31733333333335
180.362
455.7286666666667
832.1196666666666
4937.850333333333
667.5873333333333
1229.4643333333333
2093.3773333333334
7294.680666666667
2970.928
191.721
260.11066666666665
176.63366666666664
2866.2183333333337
881.6843333333333
1475.335
2964.828
2284.4706666666666
187.74066666666667
2010.831666666667
286.322
4330.9839999999995
801.3763333333333
1585.7483333333332
127.41133333333335
3952.152333333333
250.00266666666664
633.2256666666667
1431.4006666666667
1708.7563333333335
915.7629999999999
2148.724
1776.6096666666665
145.60933333333332
370.1836666666666
4237.052000000001
1402.7259999999999
286.20266666666674
1060.4596666666666
4007.582
1207.5346666666667
1843.232
209.46133333333333
241.14466666666667
4722.958333333333
2322.3206666666665
173.56933333333333
108.36166666666666
1724.1086666666667
126.95133333333332
156.729
121.84366666666665
1345.4866666666667
116.17466666666667
14462.002
1072.713
2322.344333333333
258.6036666666667
188.69633333333334
2265.1476666666667
4171.45
3559.1270000000004
295.8376666666667
278.9246666666667
2187.1163333333334
1361.068
1641.6266666666668
6587.647333333333
1284.965
145.873
170.28366666666668
6455.889666666667
194.89566666666667
3240.927333333333
2057.606
216.24333333333334
1707.7583333333332
244.32633333333334
246.843
1929.6306666666667
6074.322666666667
4559.013666666667
242.708
3977.179
1754.2966666666664
1067.754
174.052
1756.8280000000002
3217.3196666666668
1174.2346666666667
166.11266666666668
317.62333333333333
1647.2413333333334
172.14066666666668
4357.096
226.36033333333333
5335.1230000000005
6709.003333333334
2704.6330000000003
2376.1823333333336
201.19833333333335
788.451
5047.311333333334
1412.2510000000002
167.26
1902.4743333333333
214.2006666666667
10630.855333333333
1561.4980000000003
258.90766666666667
1644.0733333333335
466.2703333333334
9981.056333333334
147.35299999999998
564.5946666666667
3252.3693333333335
1696.6306666666667
23885.834333333332
1557.1000000000001
2728.635333333333
123.41466666666668
306.743
177.039
186.52466666666666
3728.871333333334
417.704
2149.5826666666667
115.84533333333331
184.6386666666667
1176.3476666666668
1436.4830000000002
371.91400000000004
5180.78
3182.2523333333334
300.9646666666667
16125.934666666666
5769.788333333333
213.21033333333332
287.18666666666667
367.65599999999995
155.6353333333333
5157.02
526.2716666666666
2589.258
169.13400000000001
4142.147
1746.8826666666666
193.2976666666667
592.2366666666667
191.69933333333333
233.885
2182.3766666666666
189.49200000000005
1992.64
1886.1656666666668
321.8676666666667
223.85333333333335
102.87333333333333
1056.3310000000001
2607.226666666667
2887.701333333333
418.84666666666664
754.8773333333334
1916.1706666666666
1204.5026666666665
5163.992
2522.583
2673.652
1831.0506666666668
188.98
384.2633333333333
668.0626666666666
863.0093333333333
189.05266666666662
532.1366666666668
151.894
1348.3673333333334
4244.085666666667
384.7133333333333
160.61266666666668
2474.2726666666663
2231.199666666667
1388.484333333333
100.96433333333334
5035.824333333333
1956.551333333333
13997.510999999999
1502.9726666666666
124.34133333333334
201.03599999999997
3487.093666666666
227.60033333333334
115.63433333333334
1776.7733333333333
155.5716666666667
181.82033333333334
182.50033333333332
1363.5873333333332
2845.763333333333
144.096
179.4283333333333
1596.5656666666666
2342.099333333333
4085.08
1807.9136666666666
776.4603333333333
3911.2676666666666
697.5753333333332
188.22833333333332
221.7976666666667
1960.787
180.59799999999998
5591.492333333333
12259.675333333333
1793.9943333333333
2648.4753333333333
1713.0416666666667
1518.309
1361.0853333333334
4735.190666666666
253.82366666666667
2744.038666666667
20607.470333333335
2342.4023333333334
2764.1733333333336
1334.0339999999999
2549.2173333333335
118.25633333333333
3041.429
547.0653333333333
3791.626
3148.6756666666665
2436.3709999999996
1945.8563333333332
185.096
1834.676666666667
223.94733333333332
278.4583333333333
189.6916666666667
178.1783333333333
118.27
3542.5789999999997
292.14733333333334
692.1516666666666
163.31733333333332
1839.448
1321.9683333333335
2544.3386666666665
1355.7683333333334
143.32999999999998
230.26733333333334
565.0403333333333
15520.575333333334
1247.9886666666669
1300.506
209.0536666666667
114.57333333333334
4245.463
1201.707
184.3263333333333
14086.469
1687.6736666666666
756.3366666666667
2713.852666666666
187.3456666666667
2537.0573333333336
146.85
2161.2343333333333
5948.138333333333
654.602
318.11633333333333
2572.228333333333
3621.8296666666665
2907.1973333333335
4610.794000000001
136.40366666666665
1905.7726666666667
1111.2920000000001
1250.8223333333333
189.18633333333332
2950.513666666667
2031.1933333333334
149.53266666666667
960.5526666666668
106.93633333333332
2460.702
165.153
3493.4543333333336
6494.898000000001
269.911
655.73
1010.0266666666668
361.9316666666667
128.10866666666666
279.817
3949.7786666666666
189.077
173.37666666666667
1459.9283333333333
7743.106
173.2776666666667
211.14066666666668
2063.529
4571.812999999999
1779.175
217.9176666666667
297.702
1165.4563333333333
1578.5006666666668
792.4133333333333
213.59466666666665
2112.949666666667
173.66333333333333
3015.945333333333
1337.756
4956.429
1727.6196666666667
122.927
1913.7396666666666
1519.4413333333334
183.27233333333334
377.04366666666664
1914.6876666666667
899.7333333333332
17110.207333333332
7046.643666666667
3199.8770000000004
359.142
1050.6476666666667
1733.2429999999997
888.7453333333334
583.9853333333334
1167.8496666666667
460.21133333333336
218.43333333333337
1885.2203333333334
170.4346666666667
144.84133333333332
203.393
5563.344333333333
235.33433333333332
250.25533333333337
180.37633333333335
1156.859
3875.3596666666667
4104.464999999999
443.873
160.4573333333333
205.66133333333335
988.9273333333334
123.59833333333334
166.15133333333335
184.30466666666666
1021.0653333333333
2299.7883333333334
175.52433333333332
3516.7056666666667
7077.683333333333
270.09766666666667
272.834
6834.683666666667
180.216
1531.483
107.48266666666666
1884.106
357.51966666666664
3327.447
188.69433333333336
6186.342666666666
255.95100000000002
16862.140666666666
982.1486666666666
1790.0466666666664
290.33733333333333
2596.5316666666668
5392.3240000000005
193.899
241.50566666666668
1530.6253333333334
4023.858
1958.9866666666667
527.4103333333334
163.15133333333333
188.71933333333334
10702.704
990.4173333333333
3601.9599999999996
2764.403333333333
969.0056666666666
2748.250666666667
513.0173333333333
2225.1626666666666
3136.836
9617.797333333334
1773.3419999999999
1503.8716666666667
983.4963333333334
2205.1366666666663
1362.86
2264.4723333333336
4894.237
169.20533333333333
632.3246666666666
849.9716666666667
1586.0683333333334
1723.7596666666668
120.85066666666667
1511.7883333333332
486.9113333333333
2996.5406666666663
281.1793333333333
126.13033333333334
1047.593
788.1453333333333
439.9113333333333
4655.435
4656.517333333333
341.07033333333334
139.34900000000002
1854.286
246.69033333333334
602.198
146.729
5513.5289999999995
188.25366666666665
5007.720333333334
11686.630333333334
178.69533333333334
4200.611666666667
249.07366666666667
209.82066666666665
3186.384
216.52866666666668
2375.159
262.8296666666667
1446.586
2202.135
5221.788
154.15166666666667
1928.9456666666667
2601.9286666666667
1233.5256666666667
3392.3633333333332
610.7256666666667
1389.9086666666665
2108.4516666666664
728.2280000000001
3776.249
222.44033333333334
2023.2093333333332
255.162
1695.4189999999999
369.566
134.513
16173.902
290.12600000000003
1764.7603333333334
140.14766666666665
2053.911
3650.6336666666666
2210.979333333333
3050.7256666666667
276.5396666666666
1056.8783333333333
145.44633333333334
1317.3383333333334
2866.020666666667
4193.784666666667
4699.642
3419.5356666666667
164.95533333333333
6659.550666666667
1892.4206666666669
1769.892
135.77700000000002
1532.4636666666668
2609.509666666667
154.35633333333334
1471.5936666666666
261.81733333333335
178.466
2112.533
391.7736666666667
263.77500000000003
1748.133
5153.222
15376.723666666667
106.83566666666667
5779.384000000001
970.04
2499.471666666667
114.57799999999999
108.78699999999999
686.0176666666666
169.34533333333334
121.45433333333334
132.14499999999998
1595.0960000000002
246.07766666666666
1221.7446666666667
606.109
1655.6276666666665
6212.541666666667
2112.2986666666666
2197.318333333333
1572.060666666667
162.19266666666667
1943.786
3491.883
174.55066666666667
405.39599999999996
8247.180666666667
1372.598
3441.8523333333337
2074.0969999999998
2094.9973333333332
1929.802
2800.844333333333
875.4786666666668
579.389
7720.821666666667
218.83333333333334
3719.256
123.22833333333334
2555.467
2063.6446666666666
1695.716333333333
177.11100000000002
3423.316666666667
2720.3946666666666
1248.329
3595.2160000000003
118.64333333333332
180.092
2933.0066666666667
1847.1580000000001
280.28766666666667
4469.789666666667
1586.9986666666666
3783.5023333333334
1725.3280000000002
1392.8293333333334
1274.4096666666667
1228.414
2333.9539999999997
4232.309
5719.14
2210.0606666666667
1610.9626666666666
4511.157999999999
1265.653
109.315
2310.5026666666668
1789.1116666666667
183.9463333333333
2215.737333333333
190.92499999999998
1208.883
172.62199999999999
4870.475666666666
2650.266
160.90133333333333
3129.8796666666663
109.76266666666668
2058.4176666666667
6421.955999999999
4357.528333333333
5596.222333333334
1484.3999999999999
1970.9809999999998
353.2706666666667
1494.4036666666668
267.44766666666663
2859.7810000000004
229.33866666666668
5805.268666666667
226.13266666666667
4808.864666666666
2610.9176666666667
287.9406666666667
111.99033333333334
1368.523
2893.1323333333335
201.72866666666667
1045.0863333333334
1679.177333333333
202.41733333333335
4313.402999999999
1097.0793333333334
185.44433333333333
862.7116666666667
196.1163333333333
2590.5730000000003
1879.7106666666666
1234.61
193.99333333333334
192.76233333333334
137.55466666666666
3398.1073333333334
239.39700000000002
2030.8106666666665
196.06466666666665
258.02233333333334
3433.9379999999996
172.76800000000003
4207.204333333334
2131.3703333333337
2508.663666666667
2283.453
6834.982666666667
233.689
1301.8513333333333
3951.586333333333
170.787
1569.1123333333333
5998.170666666668
1337.2943333333333
176.16733333333335
182.34666666666666
223.30433333333335
1886.6313333333335
1816.9279999999999
3054.3033333333333
4066.5260000000003
172.12533333333332
192.90933333333336
986.8903333333334
1452.241
8593.541666666666
1069.4916666666666
4340.8679999999995
4031.0266666666666
4111.331999999999
2026.643
176.35266666666666
577.7286666666668
2375.0563333333334
2068.7743333333333
228.77966666666666
175.126
472.61899999999997
3849.4086666666667
4138.007333333334
3710.268666666667
2501.1836666666663
2144.282333333333
164.17999999999998
297.45133333333337
3251.566666666667
2230.8476666666666
1391.809
2022.5986666666668
3508.8613333333337
5140.055333333333
204.09933333333333
117.622
213.70899999999997
199.93366666666665
2641.8856666666666
429.2266666666667
1772.3876666666667
4943.845666666667
193.5426666666667
293.396
5511.492333333333
2405.5473333333334
189.04733333333334
5615.162333333334
15332.849
1990.193
169.023
4891.404333333333
300.898
25712.918666666665
2176.035
152.1483333333333
4950.066333333333
1383.21
1708.5753333333334
3901.499
1264.2543333333333
1688.8059999999998
5587.827
5236.714666666667
4468.146333333333
1857.2356666666667
457.8876666666667
504.2056666666667
2307.649
125.66033333333333
1917.5110000000002
1236.736
1779.631
101.57266666666665
120.79766666666666
556.9466666666667
163.17566666666667
3335.461
171.02733333333333
311.71933333333334
8333.073333333334
5904.971333333334
371.2246666666667
18279.48433333333
2390.981333333333
1922.1653333333334
1998.0103333333334
2027.5973333333332
102.28766666666667
2684.833
229.31066666666666
5283.988
294.1116666666667
268.58666666666664
178.00333333333333
16784.567333333332
172.62566666666666
1868.411
268.84566666666666
2004.6776666666665
119.46366666666667
158.635
1360.2606666666668
6533.801333333334
541.241
5875.720333333334
920.819
2316.472333333333
4321.888333333333
178.26999999999998
1362.0393333333334
2532.623
1308.9996666666666
16514.198
2083.763
116.23066666666666
643.9246666666667
259.5813333333333
336.07
8120.5960000000005
1350.636
195.80133333333333
158.18566666666666
4472.436000000001
411.6596666666666
3448.6533333333336
160.79366666666667
174.82866666666666
116.15800000000002
1353.137
1689.119
6581.920333333333
174.19866666666667
8413.963000000002
1407.7203333333334
929.1296666666667
188.65300000000002
1405.1166666666668
2909.110666666667
381.926
3194.518
183.2266666666667
4450.919666666668
2868.582
212.98333333333335
3068.831333333333
165.89433333333332
1055.065
187.15833333333333
1999.4306666666669
6737.829333333332
183.192
2352.441333333333
831.6046666666666
163.05433333333335
990.532
5477.1353333333345
116.86766666666666
150.198
172.62633333333335
1032.2366666666667
3556.499333333333
2385.3503333333338
1242.9193333333333
9236.186
2636.217
1912.8329999999999
676.489
173.508
182.52066666666667
1971.64
3453.7563333333333
258.982
2568.233
826.3136666666668
659.785
2629.1493333333333
132.33233333333334
3124.920333333333
189.09266666666667
3568.405
711.6643333333335
3506.601
957.842
1100.3063333333332
5725.883000000001
251.36566666666667
3634.166333333333
1344.4663333333333
168.76266666666666
1117.2516666666668
3690.6120000000005
173.785
213.18366666666665
958.4
158.83466666666666
803.8903333333333
2050.373
5342.145666666667
2113.4726666666666
1940.684
646.2696666666667
3696.189
237.46666666666667
112.44566666666667
281.40933333333334
8524.204
795.2363333333333
1561.2536666666667
3002.9216666666666
112.58866666666667
754.4866666666667
2429.771
2163.404
113.90266666666666
13961.318333333335
1003.3766666666667
909.5406666666668
2450.8946666666666
1933.1823333333334
3592.9436666666666
112.86533333333334
2956.762666666667
2774.3520000000003
190.66133333333332
103.968
583.5643333333334
2720.6103333333335
15399.846
1687.5273333333334
266.137
900.3973333333333
781.9256666666666
1839.2330000000002
2533.099333333333
1201.3793333333333
189.79700000000003
3083.6
195.44466666666668
1951.2126666666666
9128.934666666666
265.0456666666667
191.42366666666666
2483.574
1896.0586666666666
240.45166666666668
1153.7976666666666
551.0100000000001
1977.161
602.8003333333332
2951.0989999999997
1492.908666666667
208.499
520.11
168.49166666666667
8491.224333333334
1278.7653333333333
10051.747333333333
195.31600000000003
571.1103333333334
359.8473333333334
175.01766666666666
946.3316666666666
1330.9643333333333
145.715
2822.9323333333336
8480.167333333333
5279.980666666666
1668.6296666666667
5415.446
368.132
165.98166666666665
1158.4260000000002
1571.4246666666668
1508.048
3018.406333333334
1677.0223333333333
176.26700000000002
1381.8316666666667
192.4606666666667
126.02633333333334
2112.5613333333336
256.36966666666666
1236.4016666666666
271.23800000000006
180.07399999999998
174.72933333333333
1183.5793333333334
1180.4163333333333
1371.3609999999999
119.36266666666667
2499.8793333333338
7663.981666666667
1536.135
182.27200000000002
3016.393
610.0916666666667
2019.8133333333335
8133.839333333333
6192.293999999999
1068.0213333333334
125.51733333333334
382.4463333333333
2166.576333333333
1586.8296666666665
1033.671
1692.2283333333335
127.23766666666667
5612.173333333333
1928.4976666666669
219.03566666666666
178.94333333333336
2805.619666666667
177.508
240.889
162.37366666666668
182.22133333333332
17780.060666666668
20026.69
8084.516
871.6446666666667
181.43133333333333
119.84400000000001
1872.177
191.01566666666668
1805.5913333333335
2521.0293333333334
5352.6776666666665
3862.494
2286.5023333333334
185.46933333333334
119.45333333333333
1679.8670000000002
170.188
2933.1289999999995
198.07000000000002
173.51233333333334
172.64333333333335
835.9783333333334
11228.510999999999
272.0706666666667
1991.692
11611.096666666666
5347.897333333333
1813.6756666666668
276.25533333333334
3320.0956666666666
1257.2003333333334
391.138
119.07466666666669
699.3903333333334
2341.3283333333334
162.621
1754.7456666666667
136.423
304.55933333333337
1316.9040000000002
1823.2480000000003
2491.951
1686.0356666666667
3618.503
1326.6653333333334
220.50199999999998
171.60999999999999
171.163
140.24033333333333
2409.347
879.32
1835.7036666666665
180.46966666666665
6699.662666666667
137.65133333333333
252.99033333333333
1723.9283333333333
2450.1776666666665
2203.48
2560.9663333333333
2480.3746666666666
1693.2346666666665
2027.1273333333331
293.0396666666666
1282.8266666666668
2436.987333333333
8477.699666666667
2250.949
176.88700000000003
2490.3929999999996
1499.1656666666668
3328.114666666667
2353.0913333333333
695.6936666666667
227.313
5839.247333333334
1385.2403333333332
252.51500000000001
3886.8626666666664
2986.777666666667
2801.3736666666664
1478.3466666666666
150.245
888.8226666666666
145.52200000000002
6206.885666666666
205.01766666666666
524.3539999999999
1879.0926666666667
2743.523333333333
2937.666333333333
1763.3016666666665
4941.41
131.8406666666667
1820.4133333333332
1299.648
435.6513333333334
5764.175666666667
171.39199999999997
1741.7513333333334
282.52866666666665
1086.0773333333334
126.59833333333334
1195.488
251.183
1906.0690000000002
249.13566666666668
209.09933333333333
169.417
5917.852333333333
1954.447
298.2726666666667
248.91666666666666
2968.2856666666667
1449.6566666666665
3820.8716666666664
833.0166666666668
24369.528333333332
3891.784
182.98866666666663
5995.334
192.40466666666666
225.50133333333335
2409.857
2933.067333333334
1253.609333333333
788.2006666666666
99.31166666666667
2272.9966666666664
3208.220333333333
4756.314
175.47833333333332
1938.384
166.85433333333333
262.60966666666667
211.73066666666668
2142.047666666667
2865.453
4136.145
1904.9706666666668
2633.8173333333334
1299.7286666666666
2346.3206666666665
1171.4066666666668
3112.296
4897.683333333333
5198.135666666666
1434.479
4959.282333333334
198.27466666666666
128.871
2934.483
1694.9103333333333
11451.129333333332
778.8776666666666
4856.317666666667
211.50300000000001
487.55833333333334
2148.24
9203.074666666667
119.99900000000001
1187.2953333333332
987.8496666666666
3932.4680000000003
3301.6203333333337
9572.208
189.05566666666667
160.104
2098.8036666666667
10275.098
3876.3806666666665
324.618
5289.246666666666
141.93566666666666
260.4816666666666
4094.3783333333326
186.203
231.838
3799.2340000000004
2455.692333333334
8422.182999999999
2766.1299999999997
167.35299999999998
2265.6893333333333
3037.4533333333334
260.011
5820.6990000000005
1345.469
256.936
269.4313333333333
2053.6960000000004
111.44866666666667
182.76066666666668
1267.2856666666667
212.71
278.632
155.91666666666666
843.0406666666668
193.82666666666668
3257.1503333333335
1419.662
4256.423
2695.6723333333334
171.61033333333333
239.447
1576.1590000000003
2334.5570000000002
660.5296666666667
1123.8243333333332
2897.494666666667
1921.9543333333331
4079.561
3805.6486666666665
1669.5406666666668
87.81733333333334
6874.126
3526.3373333333334
1753.156
300.3363333333333
1553.9660000000001
1338.8906666666664
167.42066666666668
3451.658333333333
1301.4026666666666
343.58466666666664
265.0946666666666
2826.6543333333334
2083.467666666667
231.00099999999998
1709.923
6136.732666666667
2282.7090000000003
126.32733333333333
111.08433333333333
366.03133333333335
178.34766666666667
199.783
16461.71933333333
1945.3253333333334
271.84400000000005
2970.155
3572.2709999999993
172.36299999999997
6115.717666666666
549.9486666666667
1641.849
3149.763666666667
158.93666666666667
2903.4823333333334
189.404
2552.5579999999995
4149.796
173.8456666666667
898.0213333333332
860.1139999999999
251.25566666666668
205.69866666666667
5151.509666666666
241.289
4374.4130000000005
940.6996666666668
191.359
7318.1246666666675
578.6773333333334
262.35499999999996
2566.2556666666665
5728.471333333334
1413.1683333333333
2626.1466666666665
3195.7953333333335
171.24433333333332
110.22699999999999
196.60866666666666
102.94766666666668
108.392
1065.6596666666665
183.7733333333333
7546.604333333333
2585.7443333333335
3018.3716666666664
130.83533333333332
4253.190333333333
2234.0633333333335
170.60933333333332
1136.0200000000002
146.09199999999998
645.3116666666667
522.2176666666667
2873.6973333333335
166.25733333333332
4900.087666666666
171.32066666666665
1939.2636666666667
4108.698666666666
179.05933333333334
269.17966666666666
494.29299999999995
123.78733333333334
3449.6363333333334
406.44433333333336
186.23733333333334
304.76733333333334
1880.8556666666666
9981.176999999998
1666.939
9308.405666666667
102.753
2805.4816666666666
220.31233333333333
174.80266666666668
1996.082666666667
259.7003333333334
162.30466666666666
3434.615333333333
877.6016666666666
1129.639
149.45666666666668
1704.0893333333333
1738.4293333333335
157.37766666666664
983.4853333333334
291.14500000000004
1689.2006666666666
144.76733333333334
4726.698666666666
126.18400000000001
1552.8626666666667
167.6483333333333
168.01933333333332
173.55733333333333
5339.394666666667
2227.4673333333335
4833.8026666666665
4986.526333333332
1761.8973333333333
161.39266666666666
146.649
180.2776666666667
3028.414
190.02633333333333
158.98466666666667
184.333
4652.247333333334
2573.2656666666667
217.4026666666667
265.30533333333335
14255.368666666667
2578.086333333333
1572.043
302.51166666666666
6681.877666666667
1204.1033333333335
2733.5436666666665
174.29033333333336
1800.6956666666665
2919.110666666667
2062.1313333333333
1774.9063333333334
3432.4816666666666
2253.5763333333334
195.14233333333334
3379.917
1297.904
418.344
1526.2920000000001
182.50666666666666
1122.6156666666668
261.0253333333333
2111.2233333333334
162.0596666666667
181.11366666666663
734.7199999999999
4401.496
1642.58
2113.8683333333333
2636.552666666667
10640.982333333333
3701.2296666666666
1566.1416666666664
12946.587333333331
211.266
4643.2413333333325
10375.748
292.56966666666665
2465.8093333333336
761.2706666666667
223.6046666666667
165.03300000000002
177.523
220.47433333333333
1945.3813333333335
241.005
205.73166666666668
344.45133333333325
241.74300000000002
2165.851
210.40966666666668
1806.4063333333334
2607.0856666666664
118.399
6162.665000000001
1739.0673333333334
131.012
3458.6263333333336
191.07399999999998
1478.973
164.59466666666665
213.311
189.27800000000002
156.261
190.46333333333334
175.07966666666667
164.4813333333333
1194.04
1329.1983333333333
693.2873333333333
983.5383333333333
10344.681333333334
2093.3650000000002
175.062
265.276
558.0039999999999
4894.465666666666
2644.2196666666664
255.12800000000001
8507.572333333332
269.84133333333335
185.104
1606.9283333333333
265.9843333333333
4356.585
202.90966666666665
466.85699999999997
259.61133333333333
1332.379
952.1046666666666
7270.063333333333
2810.0343333333335
183.81166666666664
173.91066666666666
119.02366666666666
2668.682
1302.8823333333332
2443.3816666666667
6313.6359999999995
5793.789666666667
4234.815
270.54266666666666
4186.197666666667
186.455
127.80066666666666
1991.9943333333333
1409.686333333333
185.3853333333333
5480.749
213.16233333333335
169.00900000000001
171.41833333333332
1742.1736666666668
129.78666666666666
4887.516333333333
271.6983333333333
17444.500333333333
7585.179000000001
5209.584
1298.0246666666667
2336.22
5306.714
152.97866666666667
171.33833333333334
206.19266666666667
164.22166666666666
1788.6290000000001
1926.2806666666668
24619.631666666668
940.8886666666667
189.0393333333333
175.50966666666667
8174.738333333334
3921.593666666666
167.108
275.695
291.9743333333333
188.15033333333335
3528.749333333333
3220.1643333333336
1811.7266666666667
155.39466666666667
122.59566666666667
4239.446
1407.4189999999999
1356.2259999999999
6220.3076666666675
126.43866666666668
1394.2039999999997
171.87166666666667
275.1123333333333
189.97933333333333
5701.044000000001
6739.849333333333
181.60033333333334
2923.566666666667
175.87733333333335
2269.925
300.3566666666666
970.4873333333335
1400.043
1911.11
2078.504
114.36233333333332
1155.2806666666665
173.86366666666666
1176.4883333333335
1553.6136666666664
7078.6179999999995
4539.723666666666
3924.0080000000003
1734.3736666666666
1065.4536666666665
3189.7893333333336
187.413
9492.537666666667
1659.4470000000001
175.28400000000002
4612.391333333333
4879.574333333334
2425.3193333333334
5346.300333333334
1219.662
1753.2933333333333
763.6686666666668
1859.0626666666667
1101.371
1742.783666666667
3554.982
18045.593333333334
9372.281333333334
1778.5316666666668
198.626
299.3856666666666
2592.2616666666668
291.5036666666667
258.5516666666667
2136.758
1207.8623333333333
95.20766666666667
185.07833333333335
1260.5163333333333
3744.047
6425.937666666668
11405.171333333332
5006.992333333333
2626.258
3568.795666666667
301.858
219.89466666666667
210.82600000000002
1592.5579999999998
132.59166666666667
235.92633333333333
309.90433333333334
512.982
1751.4953333333333
1792.0293333333332
4512.5886666666665
634.5626666666667
252.94799999999998
237.44500000000002
152.46166666666667
237.51533333333336
2284.7723333333333
375.07733333333334
7323.61
1871.2793333333332
1772.273
369.2583333333334
202.62466666666668
1829.6733333333334
4009.808333333334
2539.7153333333335
3209.8476666666666
167.702
112.093
3347.980333333333
362.37466666666666
1606.1433333333334
11017.836666666664
223.332
6666.516666666667
3022.9383333333335
1929.1576666666667
626.9623333333333
5382.585
175.78566666666666
3323.961333333333
2658.8413333333333
1003.8416666666666
173.9523333333333
7263.968
415.3833333333334
1017.6463333333332
9817.183333333334
1362.749
178.798
2451.956
2523.815666666667
1280.5069999999998
7078.697
2731.6290000000004
3277.8736666666664
2673.508333333333
179.077
180.00266666666667
3828.4330000000004
3526.2453333333337
1045.1913333333334
161.669
1040.713
1613.0316666666668
436.1476666666667
182.06433333333334
513.0773333333333
1751.7820000000002
261.339
806.436
533.4546666666666
235.09633333333332
113.384
1424.7623333333333
175.33
256.07233333333335
167.36
232.50666666666666
6908.315666666666
232.25900000000001
165.044
16219.533333333333
1618.8743333333332
789.1170000000001
2756.2656666666667
7495.902333333334
6593.982666666667
1618.4863333333333
258.4603333333333
1568.0353333333333
274.65166666666664
429.08899999999994
1279.421
986.8596666666667
188.10966666666664
2221.8056666666666
260.78666666666663
1148.8046666666667
210.97733333333335
7063.536333333333
336.63533333333334
6991.328666666667
196.59266666666667
2238.0663333333328
192.08766666666668
1116.0153333333335
1099.8016666666665
5485.807666666667
1803.6096666666665
3369.9206666666664
434.932
181.28599999999997
1973.5420000000001
2687.8243333333335
168.45833333333334
2590.8026666666665
2639.936
995.882
2291.59
121.07333333333334
1942.718
2972.432666666667
208.74433333333332
1035.6319999999998
2221.0336666666667
167.81766666666667
112.96733333333333
797.4879999999999
395.7136666666667
2548.5663333333337
188.21966666666665
125.20233333333334
185.98833333333332
287.3433333333333
233.05133333333333
1248.819
1273.4346666666668
5500.812666666668
11049.539999999999
597.427
1563.7079999999999
2261.0869999999995
2400.441333333333
113.745
10059.634333333333
263.56333333333333
2161.4166666666665
485.12899999999996
607.1673333333333
111.28000000000002
1710.6113333333335
7926.569333333333
135.93233333333333
3960.0033333333336
177.271
164.812
1398.2516666666668
1809.1843333333334
2797.9906666666666
4194.943666666666
5671.202666666667
1742.9260000000002
3033.06
1317.3206666666667
172.66333333333333
7200.782666666666
7054.576333333333
1229.595
1385.3443333333332
1157.1996666666666
390.5436666666667
526.9896666666667
109.30066666666666
177.7456666666667
1316.0763333333334
163.04033333333334
4369.348000000001
3137.0153333333333
1140.3393333333333
5150.793333333332
144.29
3143.6446666666666
224.47266666666667
2791.7466666666664
1603.6606666666667
4630.477
4606.333666666666
187.371
3209.645666666667
284.3426666666667
763.8650000000001
294.27633333333335
1849.9113333333332
10968.343333333332
12103.65
210.66166666666666
3214.846
4173.835
1530.6783333333333
3619.962
1841.2789999999998
1779.8196666666665
2655.731
3160.408
166.57533333333333
3065.6623333333337
127.88699999999999
114.55233333333332
1868.778333333333
817.6086666666666
1337.3836666666666
6219.191
564.6253333333334
101.81966666666666
3500.1523333333334
122.187
5179.7789999999995
467.9056666666666
1874.7793333333332
240.85799999999998
1952.4366666666667
1207.407
265.14233333333334
194.69833333333335
3730.3349999999996
156.88966666666667
2053.8013333333333
1842.3206666666665
4665.650000000001
471.82199999999995
254.155
856.734
2803.5789999999997
944.3293333333335
119.05933333333333
291.55199999999996
1283.9036666666668
128.90733333333333
34023.40933333334
195.14566666666667
674.7153333333334
2380.5973333333336
236.812
1395.363
253.04
288.83233333333334
213.06333333333336
1693.3303333333333
1513.639
1387.407
2687.0406666666668
1902.2816666666668
211.275
182.3853333333333
720.7026666666666
1309.6319999999998
144.66466666666668
246.26200000000003
627.5920000000001
2073.7883333333334
156.1593333333333
135.87933333333334
157.05833333333337
112.407
105.21666666666665
1548.5603333333336
2541.913666666667
1540.541
1500.0716666666667
1365.0623333333333
9793.371666666668
164.30433333333335
1044.3523333333333
1697.5243333333335
6408.416
1225.6436666666666
2321.108
916.0559999999999
171.1876666666667
180.961
2270.9900000000002
1082.205
1387.3866666666665
1623.9133333333332
4632.113333333334
2354.512666666667
102.71733333333333
258.315
1341.6200000000001
115.98466666666667
177.70100000000002
1009.926
181.56366666666668
4713.187333333334
13584.049999999997
3137.6290000000004
4425.3476666666675
185.302
4398.746666666667
2219.5850000000005
109.35966666666666
354.83666666666664
268.0663333333333
185.73166666666665
3076.304
198.04033333333336
683.754
958.1896666666667
4444.509666666666
2350.301
114.06500000000001
167.73666666666668
3091.192333333333
4154.736
163.36566666666667
9418.714666666667
178.46766666666667
258.29833333333335
3971.7820000000006
1826.6056666666666
1776.6906666666666
180.96366666666668
1740.4839999999997
3842.2143333333333
894.3443333333333
2345.0086666666666
261.4983333333334
1170.1966666666667
1214.6683333333333
908.6410000000001
1616.4583333333333
3282.337
2172.2883333333334
1758.554666666667
5518.361666666667
662.86
350.82733333333334
1814.179
1809.469
230.10099999999997
1751.5559999999998
2508.2833333333333
4320.271333333333
1370.3606666666667
171.35833333333332
285.86100000000005
254.144
2128.7996666666663
1739.5443333333333
230.631
1588.6593333333333
121.68833333333333
5392.675
184.32266666666666
2992.2819999999997
2472.906333333334
166.56133333333332
192.312
7819.679
520.6663333333333
7662.015333333333
215.317
5252.318
4797.437666666667
113.95
2459.2343333333333
1644.2356666666667
897.585
2644.092
1631.1666666666667
141.63366666666667
3689.6659999999997
215.7806666666667
136.55499999999998
176.02966666666666
13496.505
277.89733333333334
1265.9583333333333
1626.7616666666665
1386.1626666666668
1656.8429999999998
1396.4740000000002
166.73766666666666
2708.5266666666666
1855.2036666666665
814.2806666666665
587.1193333333334
157.6483333333333
173.28866666666667
1442.0379999999998
186.048
173.711
124.22033333333333
1983.6146666666666
947.1246666666666
137.78900000000002
954.8146666666667
768.5849999999999
116.65733333333333
2997.787
276.7486666666667
1056.2016666666666
6288.604333333334
993.0949999999999
1855.3333333333333
644.6216666666666
164.59033333333332
2198.4043333333334
218.67766666666662
238.19933333333333
5237.737
1952.3653333333332
2455.983333333333
4245.334
564.5556666666666
156.28833333333333
581.958
2960.358
19710.224333333335
1557.5343333333333
177.42933333333335
218.572
2219.102
988.4293333333334
350.3790000000001
145.65366666666665
222.4753333333333
782.1003333333333
5333.2119999999995
165.194
655.256
1850.7879999999998
184.20066666666665
156.81533333333334
204.56633333333332
173.66633333333334
3108.9306666666666
3803.904
228.94499999999996
177.013
10633.516666666668
180.9956666666667
365.247
3067.7940000000003
1725.6326666666666
265.7246666666667
320.798
2489.851333333333
1853.8306666666667
370.828
3537.3906666666667
3132.0513333333333
1363.3743333333334
7020.938333333333
2023.537
176.29166666666666
1338.5733333333335
12177.817000000001
161.72766666666666
1292.5813333333335
196.984
2482.1443333333336
3604.5796666666665
2878.270666666667
237.244
768.846
103.71533333333333
1312.6606666666667
196.087
2265.839333333333
670.8136666666666
201.02833333333334
6270.723000000001
1275.1266666666668
598.2130000000001
8002.039
2851.029666666667
125.92166666666667
968.8043333333334
3038.91
2430.9166666666665
2452.4453333333336
1428.9436666666668
651.5590000000001
172.13566666666665
10683.419666666667
147.785
168.84366666666665
984.3053333333334
1140.2923333333335
254.22466666666665
201.2733333333333
4446.823666666667
5620.359333333334
2976.6613333333335
256.87533333333334
1202.956
149.97566666666668
2551.2690000000002
157.07100000000003
160.48666666666668
1298.5686666666666
216.81833333333336
188.18866666666668
807.8269999999999
1099.4933333333333
285.8693333333333
1598.2879999999998
2050.3793333333333
1436.2453333333335
121.26299999999999
308.88533333333334
204.258
1263.2606666666668
3127.471666666667
3509.665333333333
1575.4433333333334
1854.0356666666667
16423.158666666666
1112.039
2280.06
1655.343
486.36466666666666
6557.042
4514.34
176.62333333333333
3175.946
460.02400000000006
6435.056666666667
1614.754
108.41466666666668
120.27
2608.3889999999997
1106.7443333333333
165.5476666666667
251.05499999999998
716.292
1549.1000000000001
203.965
22755.423333333336
3367.2196666666664
1445.6139999999998
126.21533333333333
181.40333333333334
3545.3503333333333
1716.999
188.352
8128.294333333334
115.63833333333332
4326.343
113.30433333333333
11650.116333333333
1802.009
376.046
193.234
231.7396666666667
173.62033333333332
268.6006666666667
174.2976666666667
1094.7526666666668
3471.1013333333335
215.836
2050.1266666666666
3757.097333333333
169.99166666666667
11424.428999999998
6476.039
2004.0990000000002
3711.643666666667
2457.0
4366.1990000000005
3646.0326666666665
1740.8346666666666
4284.000666666667
175.04966666666667
2157.9956666666662
171.98366666666666
4713.500333333333
180.82633333333334
1944.9153333333331
24792.0
2041.8963333333334
2035.4186666666667
9656.927666666668
228.77466666666666
1634.9726666666666
9393.930666666665
160.05066666666667
2500.109
1020.7643333333332
5627.409666666666
2034.2606666666668
1437.9866666666667
115.36000000000001
166.62466666666668
5608.449666666667
171.46933333333334
865.3843333333334
205.37733333333335
881.0216666666666
1798.51
5532.291666666667
3598.1263333333336
3263.450666666667
1459.7366666666667
13598.645666666669
274.8926666666666
103.698
266.76466666666664
168.95899999999997
114.71933333333334
178.98433333333332
8853.468666666668
1380.4163333333333
1357.6016666666665
1343.9836666666667
2094.220333333333
2491.8636666666666
166.635
1721.8716666666667
1761.7283333333335
2033.8036666666667
1264.0826666666667
7687.245333333333
3663.3106666666667
3365.718666666666
365.549
1227.5096666666666
3460.2116666666666
1735.4496666666666
1106.2833333333333
4891.7519999999995
340.2956666666667
234.3273333333333
637.6016666666668
1593.9936666666665
276.4773333333333
177.86800000000002
2203.255333333333
1069.6836666666666
280.27566666666667
3803.1426666666666
278.561
262.44266666666664
7588.542333333334
175.02200000000002
1562.0113333333331
202.571
133.86733333333333
2802.5333333333333
200.06633333333335
1088.4550000000002
1690.2636666666667
2211.652666666667
129.39433333333335
1382.7406666666666
3533.917
289.038
171.28566666666666
1591.156
205.44133333333332
259.991
8145.122
1763.254
478.83
606.327
3287.721
902.299
1501.9859999999999
179.52866666666668
667.2253333333333
1416.1823333333334
1796.1246666666666
1487.616
1651.5173333333332
8018.837666666666
4926.855
1325.0159999999998
10185.076000000001
471.1963333333333
5815.616999999999
186.54666666666665
2299.196
6935.879333333333
1241.3606666666667
169.0006666666667
2057.212
199.083
189.696
308.123
165.62633333333332
132.54166666666666
2330.435
2788.6236666666664
2834.137666666667
7422.664
3289.5139999999997
4615.253
1341.7910000000002
170.85666666666665
188.41366666666667
177.0683333333333
131.23333333333332
4401.056666666667
6780.904666666666
162.18133333333333
223.23233333333334
3040.9303333333337
2842.5966666666664
778.8273333333333
1717.0876666666666
7052.018666666667
1941.4616666666668
119.74433333333333
1319.488
187.664
4969.139666666667
233.269
248.38266666666667
2527.528
188.87966666666668
3574.8250000000003
238.45266666666666
233.29966666666667
2177.47
177.09699999999998
137.15300000000002
175.71433333333334
1074.7273333333335
382.1233333333333
4038.998333333333
776.6186666666666
264.8486666666667
252.005
1179.4486666666667
2166.2136666666665
13148.787333333334
262.97366666666665
974.0306666666665
2051.893666666667
4515.953666666666
3807.1403333333333
667.7543333333333
174.67666666666665
165.71366666666668
340.26366666666667
2944.346
232.76333333333332
353.24
165.73833333333334
165.30133333333333
1497.5876666666666
113.76666666666667
11016.540666666668
112.56299999999999
4925.567666666667
942.6703333333335
1846.3816666666664
685.5836666666668
2932.58
1065.4350000000002
2624.7173333333335
141.3036666666667
173.39933333333337
764.0473333333333
299.865
5160.892333333333
1380.9216666666669
181.24633333333335
4892.247333333333
215.711
2344.2106666666664
4893.901666666667
115.91233333333332
4766.678666666667
2764.416333333333
182.785
884.2280000000001
6693.405
240.05766666666668
2570.383333333333
790.939
4781.847000000001
3428.867333333333
2563.2999999999997
3256.8559999999998
2607.4363333333336
365.77
198.84766666666667
5054.901333333334
329.01533333333333
211.90033333333335
5961.978333333333
4407.430333333334
420.49466666666666
136.946
192.244
163.909
14408.970666666666
7579.502
111.38600000000001
982.2633333333333
986.0603333333333
200.78333333333333
22491.497666666666
177.75466666666668
166.94066666666666
1174.954
1799.5586666666668
8506.033666666668
171.9286666666667
625.5626666666667
14996.904
373.916
1361.6226666666666
2905.502
2059.288666666667
18340.117666666665
167.98066666666668
1686.7303333333332
202.944
185.87633333333335
6256.749666666667
176.23866666666666
2431.614666666667
515.5263333333334
156.04133333333334
721.6193333333334
488.9503333333334
128.33200000000002
188.32366666666667
1658.9456666666665
978.9343333333333
1189.2863333333335
3792.1169999999997
2494.5826666666667
199.83599999999998
15989.881
177.376
1889.1456666666666
7868.0543333333335
1276.5293333333332
130.57066666666665
353.364
23297.977
3716.3079999999995
151.69266666666667
1649.4386666666667
266.697
5783.002333333333
879.7106666666667
179.00366666666665
558.966
1705.0286666666668
2644.6863333333336
4553.267000000001
1791.066
3163.5596666666665
172.141
1706.7610000000002
1116.43
226.20666666666668
2688.5130000000004
110.11066666666666
172.33400000000003
186.3213333333333
118.28033333333333
191.73233333333334
170.25966666666667
2254.5679999999998
121.89833333333333
2391.0596666666665
2352.3033333333333
12581.580333333333
168.38333333333333
4335.856
309.79566666666665
6399.832666666666
4377.946333333333
1873.4306666666664
3041.241
1134.7546666666667
191.0393333333333
118.32233333333333
3242.487333333333
623.5883333333334
4347.665333333333
133.76
5842.426666666666
1938.043333333333
3529.2690000000002
3069.3429999999994
216.061
342.60300000000007
238.331
133.48299999999998
2725.4456666666665
155.65866666666668
179.38
2464.739333333333
3864.984
28926.235333333334
1517.673
2258.1496666666667
185.31966666666668
196.79966666666667
210.45600000000002
3813.048666666667
288.5176666666667
1827.0923333333333
253.20399999999998
3039.2703333333334
265.79866666666663
3731.8996666666667
3367.940666666667
136.43933333333334
3376.6020000000003
277.245
2558.9483333333333
2477.1620000000003
308.901
1851.9580000000003
184.672
434.00066666666663
7040.503000000001
167.696
173.59933333333333
3679.3650000000002
173.1846666666667
1281.0713333333335
2108.919
172.58899999999997
6495.829666666667
1528.9183333333333
164.405
186.385
359.23533333333336
523.0326666666667
1726.5503333333334
174.701
140.13699999999997
1056.8680000000002
842.0986666666666
2947.792
357.13599999999997
1988.9716666666666
2483.1073333333334
224.144
1294.4859999999999
7855.259333333334
2976.7763333333332
1110.258
206.086
193.31666666666663
847.881
2133.642333333333
496.3286666666666
2557.9900000000002
660.9110000000001
18768.598333333335
259.344
239.03666666666666
110.056
3307.467
1501.0263333333332
162.90099999999998
2614.748
6672.907666666666
1872.0923333333333
171.19533333333334
115.33533333333334
194.58033333333333
1817.3376666666666
1777.9743333333333
164.74233333333333
1004.4166666666666
2261.1236666666664
539.1663333333332
244.22533333333334
2674.521
2469.7219999999998
2178.862
888.82
337.53866666666664
734.0666666666666
2821.7163333333333
369.9313333333334
120.66699999999999
320.7513333333333
110.74266666666666
242.814
497.41066666666666
200.68033333333332
1388.9986666666664
1482.1899999999998
169.71
164.431
3656.0706666666665
3145.44
2507.7846666666665
1127.8566666666666
10444.512
1049.8626666666667
158.10633333333334
193.84166666666667
257.14833333333337
1641.2259999999999
5439.842333333334
749.765
2594.8586666666665
267.8866666666667
1140.9686666666666
12159.443333333335
536.918
269.8733333333334
173.17766666666668
2257.5833333333335
9328.922333333334
2685.9320000000002
1319.0716666666667
1953.6343333333334
170.76133333333334
1115.0916666666665
5090.733333333334
6656.496
435.37266666666665
282.6223333333333
193.31366666666668
269.584
2049.4100000000003
3516.5573333333336
1936.1636666666666
1476.052
177.29733333333334
2281.975
802.225
1027.9
3809.9159999999997
12402.134333333333
1653.933
1032.6626666666668
3355.5769999999998
228.10433333333336
1137.295
4004.017333333333
3103.700666666666
1745.232
4395.127333333333
1510.7883333333332
1621.9660000000001
3315.755333333333
5707.334666666667
4736.415
1790.3596666666665
6836.1826666666675
1353.625
2183.3636666666666
261.92366666666663
4034.7236666666668
222.66799999999998
679.0596666666667
6024.251666666667
1383.7026666666668
178.75833333333335
230.90833333333333
177.21766666666667
2403.7533333333336
200.798
334.43066666666664
174.33399999999997
2940.5743333333335
1498.915
274.069
365.03
488.41
4961.036
260.3533333333333
2645.9923333333336
4128.775000000001
2617.9923333333336
1082.58
198.633
6931.0869999999995
262.65633333333335
166.10633333333334
400.15933333333334
182.45999999999995
2566.063666666667
787.5726666666666
1522.187
189.2536666666667
7228.055
113.945
198.52766666666665
1478.0366666666666
1710.5613333333333
3003.8423333333335
4140.759333333333
2642.3783333333336
4470.041333333334
1676.0883333333334
249.11833333333334
492.8373333333334
195.88433333333333
129.201
171.96900000000002
1738.4996666666666
1986.4653333333333
884.727
10765.393333333333
1342.515
173.05733333333333
621.909
247.10866666666666
6896.729666666666
8734.103666666668
1737.536
6485.533666666667
435.6476666666667
1789.0096666666668
176.798
1297.7866666666666
1866.6606666666667
207.65233333333333
1218.0176666666666
127.55766666666666
2323.76
197.15366666666668
1950.7173333333333
1717.5806666666667
1664.7626666666667
131.14766666666665
9180.551333333333
1386.8370000000002
244.47166666666666
690.0873333333333
154.32866666666666
581.5783333333334
2493.7933333333335
1621.1419999999998
2449.2053333333333
266.34633333333335
7052.853666666667
778.212
181.54433333333336
2793.8726666666666
1009.5796666666666
1316.7066666666667
1332.8153333333332
182.41533333333336
3491.954333333333
456.202
123.997
173.6303333333333
1037.2963333333332
276.7546666666667
263.364
1608.6793333333335
12474.577333333333
5353.3679999999995
270.801
190.85266666666666
1340.2196666666666
391.38466666666665
178.282
3726.6740000000004
700.4639999999999
4979.356333333333
249.10666666666668
166.2073333333333
1294.6446666666666
1357.7930000000001
621.123
3094.5130000000004
2935.6003333333333
3266.2549999999997
275.5353333333333
1675.6026666666667
1183.2196666666666
1330.7896666666666
286.9053333333333
15597.016333333333
691.4259999999999
285.266
1321.427
10434.252666666667
1411.3776666666665
4000.5506666666665
288.1076666666667
2141.713333333333
159.65833333333333
4177.22
104.93633333333332
92.00733333333335
17340.933
3648.7376666666664
4007.467
1491.0379999999998
247.96733333333336
1884.3753333333334
1012.1926666666665
238.21033333333335
4759.121
222.84433333333334
160.02466666666666
144.19366666666667
1259.7316666666666
149.23733333333334
3877.561
1502.1853333333336
315.622
271.187
116.05400000000002
7583.850666666666
10667.540333333332
182.62533333333332
170.481
193.731
167.58166666666668
169.532
935.6460000000001
4713.900666666666
239.8503333333333
599.9813333333333
450.43700000000007
1156.397
155.39233333333334
182.72033333333331
218.597
1457.8066666666666
2712.174
728.4106666666667
4437.8933333333325
8926.312
891.9376666666667
171.91066666666666
2388.7393333333334
1318.9979999999998
2484.4296666666664
7493.228999999999
3469.4763333333335
6066.474999999999
327.439
364.1946666666667
1348.3683333333333
14087.176333333331
178.62433333333334
256.529
102.86366666666667
1954.2306666666666
1863.3496666666667
610.8380000000001
4014.744666666667
2338.4519999999998
1852.1036666666666
3263.6980000000003
4398.934
193.04466666666667
177.34099999999998
274.173
234.963
1965.171
176.49800000000002
989.3379999999999
200.65766666666664
3096.2713333333336
262.61066666666665
171.391
3524.332
7143.781999999999
174.79233333333332
273.6276666666667
2091.925333333333
1447.0723333333333
1322.2069999999999
896.7406666666667
281.167
499.55400000000003
295.12966666666665
3175.791333333333
3797.316666666667
3296.273333333333
2463.8053333333332
1310.9323333333332
311.903
1505.9733333333334
112.31166666666667
1777.67
9502.601333333334
491.17366666666675
104.56633333333333
1772.0656666666666
8053.853999999999
21217.256
177.95666666666668
1334.762
297.231
400.3026666666667
169.39266666666666
2246.3333333333335
15613.44
166.99800000000002
9541.614333333333
1417.2213333333332
206.32566666666665
5197.356000000001
2451.725
1170.8799999999999
109.21166666666666
285.5323333333333
2375.786
179.69299999999998
3962.5826666666667
2178.0223333333333
1416.57
647.8893333333334
3268.8356666666673
2392.603
2008.2276666666667
1775.673
171.75400000000002
2207.7
674.4766666666666
23593.533666666666
1925.5423333333335
1513.978
266.9986666666667
1571.482
99.57533333333333
172.17033333333333
2524.573
3718.2786666666666
1766.3343333333332
114.46366666666665
1929.9836666666667
174.16333333333333
1589.6213333333333
204.47466666666665
3466.075666666667
804.4473333333334
177.62933333333334
5414.997333333334
1000.552
3400.811333333333
186.80633333333333
273.6276666666667
1562.5600000000002
1166.3486666666668
636.798
290.688
1161.3686666666667
235.38633333333334
3813.0516666666667
5342.327333333334
361.7993333333333
4374.333333333333
3198.981333333333
201.083
4664.064666666666
3217.351
2432.9990000000003
309.37833333333333
179.70766666666668
167.94133333333335
2202.793333333333
836.7553333333334
16051.396333333332
1470.311333333333
2079.2763333333332
188.66166666666666
637.2023333333333
1813.7156666666667
121.63733333333334
1760.8066666666666
111.80266666666667
117.59666666666665
2505.632
273.37166666666667
981.9140000000001
1819.0856666666668
3176.4843333333333
4080.497
114.50133333333333
626.0816666666667
1253.8673333333334
197.13933333333333
188.35
11038.966
131.62
2830.3963333333327
990.0096666666667
2146.361
1482.8296666666665
1287.285
1703.1723333333332
180.94566666666665
168.46166666666667
164.04433333333336
290.46166666666664
3269.1409999999996
415.33033333333333
157.41233333333332
4480.081999999999
190.3836666666667
2512.295
1373.848
454.3913333333333
11819.422666666667
163.90033333333335
230.17766666666668
2828.0393333333336
187.6736666666667
5489.265
16125.844666666666
2180.4943333333335
1795.8116666666665
116.69733333333333
27325.818333333333
173.90333333333334
996.5219999999999
160.49699999999999
5863.170000000001
174.00333333333333
9432.467999999999
2317.465
465.3183333333333
658.2570000000001
1693.6656666666668
2892.0356666666667
799.3710000000001
322.248
220.26166666666666
3360.367
219.93999999999997
243.33366666666666
920.1203333333333
12662.555
190.88700000000003
263.625
181.74766666666665
1952.9786666666666
1718.8843333333334
180.0476666666667
1563.8433333333332
6346.814666666666
12263.981333333331
3899.2566666666667
3680.361666666667
7332.390333333334
125.53366666666666
225.00233333333335
1301.211
4852.6990000000005
405.644
6764.508333333334
4758.783333333333
1783.2593333333334
160.144
3362.963333333333
776.9323333333333
17788.770333333334
157.466
1600.597
2351.6263333333336
2177.627
112.79033333333332
258.78666666666663
192.045
3971.626
2866.1740000000004
221.196
1787.323666666667
295.6863333333333
1714.7103333333334
205.8033333333333
226.0873333333333
1392.375
2745.0766666666664
187.91366666666667
3959.352333333333
510.1363333333333
4450.342000000001
180.75900000000001
843.2576666666668
236.25566666666668
214.17933333333335
243.11599999999999
169.665
179.67966666666666
2239.6283333333336
2453.477333333333
151.03533333333334
961.027
152.69966666666667
1322.1526666666666
2067.2323333333334
163.89533333333333
249.33900000000003
168.76566666666668
2039.4979999999998
2636.899
2938.028333333333
1503.2429999999997
198.573
1134.362
5750.080666666668
4730.918000000001
294.4866666666667
251.8733333333333
185.72733333333335
2790.6803333333337
258.674
103.416
7957.764333333333
1027.9186666666667
7761.937000000001
290.38466666666665
149.83266666666665
262.55233333333337
2387.7226666666666
234.154
153.96633333333332
3077.86
1022.7689999999999
3805.5213333333336
1899.2313333333334
1414.1253333333334
1704.1463333333334
122.32400000000001
1971.6089999999997
1924.7510000000002
1438.0696666666665
13087.388666666668
192.89633333333336
4383.653333333333
3051.369666666667
1302.4103333333333
2532.9120000000003
6905.2086666666655
1676.5346666666667
2598.299
190.09366666666665
4268.541333333334
194.64133333333334
166.23866666666666
1304.2106666666666
174.69233333333332
1240.6786666666667
2769.414666666667
1154.4143333333334
2341.34
4116.035666666667
2151.1176666666665
200.04099999999997
229.037
1790.6656666666668
1808.7816666666665
3383.5699999999997
1385.7933333333333
287.1376666666667
1068.3073333333334
118.03666666666668
1807.271
5481.884999999999
1648.9836666666667
213.15599999999998
7202.491666666666
879.192
176.812
1575.4749999999997
1973.74
4881.180333333334
188.92100000000002
5381.134333333333
235.51500000000001
5644.9276666666665
2221.0483333333336
21740.740999999998
273.1313333333333
263.484
1005.2403333333333
1006.977
5588.295333333333
202.26200000000003
166.22799999999998
992.2683333333333
8261.298
2717.110666666667
3732.0
4456.127666666667
1932.2150000000001
1563.5386666666666
179.70966666666666
1252.6296666666667
122.101
134.237
1372.4773333333333
1310.158333333333
2851.644333333333
1440.8890000000001
5056.043333333334
5313.227
2003.3059999999998
139.159
5385.153333333333
251.97233333333335
3715.5353333333333
5120.584333333333
967.2883333333333
2086.299333333334
426.729
169.55866666666668
771.5116666666667
4726.204333333333
5539.116666666666
15309.748
188.54866666666666
240.79266666666663
115.58166666666666
201.106
1993.4306666666664
169.949
1731.5136666666667
2102.2376666666664
2098.3436666666666
2436.0826666666667
2598.905
2799.9376666666667
6409.032999999999
338.72700000000003
288.38866666666667
128.9346666666667
212.33166666666668
4962.192
183.57633333333334
1371.0773333333334
3706.747
913.065
1807.9456666666665
1401.3003333333334
168.06733333333332
182.58633333333333
1279.7393333333332
197.42033333333333
6405.075666666667
5666.6353333333345
311.7176666666667
3892.6476666666663
409.9783333333333
2659.8340000000003
307.4926666666667
208.4463333333333
368.77833333333336
3244.785
1848.2113333333334
142.85866666666666
1446.8460000000002
2980.3439999999996
174.97033333333331
2024.0749999999998
2433.32
1468.8509999999999
1010.294
7317.831999999999
151.26166666666666
22852.26166666667
12361.211666666668
112.19200000000001
178.54933333333335
6841.660333333333
193.60100000000003
175.94033333333334
7592.759999999999
166.13833333333335
2575.7116666666666
16217.38
2669.0023333333334
935.4776666666667
199.0716666666667
168.92700000000002
684.4196666666667
1044.6773333333333
239.20533333333333
786.1543333333334
2677.815666666667
2056.016666666667
1810.0123333333333
3914.0113333333334
152.63966666666667
4760.041333333334
189.529
16375.712333333335
3763.936333333333
4114.511333333333
227.19066666666666
3412.84
543.7810000000001
2391.4203333333335
129.91033333333334
7547.098333333332
1615.3386666666665
3109.9906666666666
1401.3400000000001
185.64533333333335
171.29433333333336
4608.223999999999
455.44699999999995
238.84866666666665
273.415
101.98800000000001
1979.1463333333334
11174.756333333333
3086.278666666667
238.99300000000002
1278.7163333333333
203.48533333333333
278.8333333333333
648.0079999999999
2854.9196666666667
846.4499999999999
1221.251
229.58633333333333
168.50333333333336
387.4053333333334
3591.8186666666666
2611.964
296.86366666666663
254.8836666666667
267.3016666666667
179.09699999999998
1312.119
269.888
4138.699
1770.6756666666668
4400.68
2287.4363333333336
1426.2963333333335
241.43066666666667
263.78133333333335
1364.5506666666668
1313.1283333333333
1002.101
1341.5683333333334
184.07866666666666
3650.1926666666664
6869.507333333334
1384.557
2015.799
9127.148666666668
240.33866666666665
14498.540333333332
1681.5493333333334
182.76999999999998
2520.02
5024.655
263.695
376.7296666666667
856.2816666666668
1356.86
185.359
1399.4146666666666
187.36333333333334
3386.5156666666667
6482.475000000001
1599.0953333333334
